1 0.2989954650 0.5208843350 0.0488094538 0.0485390276
4 0.7693594098 0.5118385553 0.0294164475 0.0819803029
2 0.1062295082 0.4793223717 0.1337704918 0.2536123568
2 0.1973770492 0.4882909816 0.0386885246 0.1046337818
2 0.3672131148 0.4887892377 0.0557377049 0.1036372696
1 0.2229508197 0.5251619332 0.0459016393 0.0463378176
0 0.3829508197 0.4808171400 0.0242622951 0.0174389636
1 0.8708196721 0.5341305431 0.0577049180 0.0587942202
2 0.9547540984 0.4932735426 0.0459016393 0.1031390135
4 0.9147540984 0.5161933234 0.0354098361 0.1021425012
