4 0.4501162171 0.5031828880 0.0179878082 0.0394807756
4 0.5248168111 0.5024265647 0.0180814229 0.0396670811
0 0.6403906345 0.5130434036 0.0158672705 0.0115481839
0 0.5029520988 0.9432507753 0.2107045054 0.1082962751
1 0.9750819672 0.5181863478 0.0340983607 0.0353761834
1 0.0393442623 0.5261584454 0.0570491803 0.0707523667
1 0.1200000000 0.5146985551 0.0268852459 0.0388639761
1 0.1285245902 0.5191828600 0.0419672131 0.0568011958
1 0.1501639344 0.5161933234 0.0400000000 0.0558046836
1 0.1718032787 0.5161933234 0.0426229508 0.0523168909
