1 0.2635660768 0.5295066833 0.0549286082 0.0544169173
1 0.4883461297 0.5399405360 0.0829328001 0.0925935805
1 0.4472346902 0.5175484419 0.0423329920 0.0464894846
1 0.6268576980 0.5138221383 0.0446152911 0.0361449756
4 0.7695651054 0.5120251179 0.0289567877 0.0819688290
0 0.6157377049 0.4957648231 0.0196721311 0.0154459392
2 0.2052459016 0.4867962133 0.0681967213 0.1385151968
2 0.6216393443 0.5012456403 0.0452459016 0.0592924763
1 0.8721311475 0.5351270553 0.0557377049 0.0582959641
4 0.9147540984 0.5166915795 0.0367213115 0.1001494768
