1 0.4884436131 0.5401337743 0.0829108581 0.0924720839
1 0.4470110238 0.5177899003 0.0423172228 0.0466585122
1 0.6284209490 0.5134918094 0.0403141454 0.0377958715
4 0.7695199847 0.5120668411 0.0292362645 0.0815374702
2 0.5940983607 0.4922770304 0.0432786885 0.0667663179
2 0.2754098361 0.4773293473 0.0550819672 0.0981564524
0 0.5829508197 0.4798206278 0.0157377049 0.0154459392
1 0.8721311475 0.5341305431 0.0577049180 0.0607872446
4 0.9140983607 0.5161933234 0.0380327869 0.1016442451
1 0.2649180328 0.5291479821 0.0603278689 0.0558046836
