1 0.1201346517 0.5502876043 0.0709744990 0.0879830271
1 0.2655648291 0.5293782949 0.0543741323 0.0564147159
1 0.3012563586 0.5220860243 0.0447155572 0.0503108688
1 0.4868929684 0.5158999562 0.0393246971 0.0428721979
1 0.6293062568 0.5142682791 0.0395450033 0.0367499702
0 0.7678158283 0.5355808139 0.0261007268 0.0189060085
4 0.7690756917 0.5093091726 0.0264812876 0.0757027939
4 0.9136850834 0.5140939951 0.0340395346 0.1005677283
2 0.8170491803 0.4853014449 0.0721311475 0.1863477828
2 0.3455737705 0.4887892377 0.0478688525 0.1365221724
2 0.0629508197 0.4937717987 0.1055737705 0.1933233682
1 0.6990163934 0.5306427504 0.0491803279 0.0518186348
