1 0.0305061601 0.5132605433 0.0332055949 0.0390848033
1 0.2984582484 0.5205807686 0.0486522168 0.0488570854
4 0.7689503431 0.5116740465 0.0290318653 0.0814628080
0 0.8452459016 0.5261584454 0.0216393443 0.0254110613
1 0.8688524590 0.5336322870 0.0504918033 0.0563029397
4 0.9147540984 0.5156950673 0.0354098361 0.1006477329
2 0.5147540984 0.4838066766 0.1206557377 0.2406576981
2 0.2308196721 0.4862979571 0.0780327869 0.1549576482
1 0.2360655738 0.5306427504 0.0550819672 0.0553064275
1 0.5226229508 0.5236671649 0.0432786885 0.0403587444
