2 0.4984306340 0.4918893130 0.0307595731 0.0548664122
1 0.0213433773 0.5147900763 0.0401757690 0.0429389313
4 0.0590081607 0.5062022901 0.0207156309 0.0577290076
1 0.0860012555 0.5214694656 0.0426867546 0.0562977099
1 0.2806026365 0.5376908397 0.0677966102 0.0887404580
1 0.6760828625 0.5496183206 0.0935342122 0.1116412214
1 0.8349026993 0.5477099237 0.0853735091 0.1078244275
1 0.5825486503 0.6040076336 0.1814187068 0.2251908397
1 0.9213747646 0.6250000000 0.1572504708 0.2562022901
0 0.8279974890 0.6770038168 0.0734463277 0.0610687023
4 0.9855618330 0.5076335878 0.0182046453 0.0496183206
