2 0.2404268675 0.4937977099 0.0326428123 0.0591603053
2 0.8675455116 0.4861641221 0.0257376020 0.0357824427
2 0.8983050847 0.4995229008 0.0269930948 0.0582061069
2 0.9334588826 0.4995229008 0.0338983051 0.0639312977
2 0.9830508475 0.4890267176 0.0288763340 0.0376908397
1 0.1983678594 0.5243320611 0.0514752040 0.0591603053
0 0.5304456999 0.6555343511 0.0690521030 0.0543893130
1 0.7376020088 0.6898854962 0.2944130571 0.3874045802
4 0.6811048336 0.5062022901 0.0182046453 0.0477099237
4 0.7583176397 0.4923664122 0.0188323917 0.0190839695
