4 0.4682988073 0.5052480916 0.0276208412 0.0844465649
4 0.6465787822 0.5090648855 0.0238543628 0.0825381679
0 0.5247959824 0.5386450382 0.0188323917 0.0186068702
1 0.5524168236 0.5243320611 0.0590081607 0.0667938931
1 0.5881983679 0.5596374046 0.1161330822 0.1459923664
1 0.4821092279 0.6116412214 0.1876961707 0.2461832061
1 0.1826741996 0.6140267176 0.1876961707 0.2533396947
2 0.8305084746 0.4909351145 0.0288763340 0.0791984733
2 0.8763339611 0.4890267176 0.0332705587 0.0854007634
2 0.2787193974 0.4933206107 0.0433145009 0.0863549618
2 0.2429378531 0.4918893130 0.0389202762 0.0906488550
