0 0.5480225989 0.4723282443 0.0182046453 0.0162213740
4 0.4400502197 0.5085877863 0.0200878845 0.0639312977
1 0.5015693660 0.5152671756 0.0483364721 0.0424618321
4 0.5681104834 0.5071564885 0.0213433773 0.0625000000
1 0.6892655367 0.5224236641 0.0420590082 0.0462786260
1 0.8976773384 0.5286259542 0.0470809793 0.0496183206
1 0.9334588826 0.5376908397 0.0627746390 0.0815839695
1 0.4996861268 0.5935114504 0.1638418079 0.2056297710
2 0.2843691149 0.4952290076 0.0288763340 0.0648854962
2 0.3126177024 0.4947519084 0.0326428123 0.0663167939
2 0.7357187696 0.4933206107 0.0263653484 0.0591603053
2 0.7859384809 0.4947519084 0.0251098556 0.0615458015
2 0.8066541117 0.4923664122 0.0238543628 0.0672709924
