2 0.5021971124 0.4914122137 0.0332705587 0.0543893130
1 0.0213433773 0.5157442748 0.0382925298 0.0438931298
4 0.0596359071 0.5066793893 0.0169491525 0.0572519084
1 0.0991839297 0.5200381679 0.0439422473 0.0582061069
1 0.8418079096 0.5381679389 0.0502197112 0.0854007634
1 0.3929851055 0.5781237483 0.1379025280 0.1807492673
1 0.6911487759 0.5982824427 0.1701192718 0.2189885496
1 0.8606403013 0.5672709924 0.1098556183 0.1502862595
1 0.9145992398 0.6206221581 0.1708015203 0.2529414296
0 0.8532236218 0.6630815268 0.0491116121 0.0560138710
4 0.9855618330 0.4933206107 0.0150659134 0.0205152672
