4 0.4243565599 0.5076335878 0.0213433773 0.0610687023
4 0.5505335844 0.5062022901 0.0232266164 0.0553435115
1 0.6654111739 0.5229007634 0.0414312618 0.0434160305
1 0.9315756434 0.5844465649 0.1368487131 0.1832061069
1 0.4927809165 0.7371183206 0.4613935970 0.5062022901
0 0.5160075330 0.9799618321 0.2071563089 0.0386450382
2 0.2824858757 0.4914122137 0.0295040804 0.0687022901
2 0.3132454488 0.4914122137 0.0282485876 0.0663167939
2 0.7382297552 0.4985687023 0.0219711237 0.0524809160
2 0.7570621469 0.4966603053 0.0238543628 0.0567748092
