4 0.6748273697 0.5066793893 0.0194601381 0.0529580153
4 0.7815442561 0.5076335878 0.0182046453 0.0520038168
1 0.7256748274 0.5128816794 0.0382925298 0.0367366412
1 0.6955430006 0.5267175573 0.0414312618 0.0343511450
1 0.9604519774 0.5267175573 0.0376647834 0.0367366412
0 0.5059635907 0.6354961832 0.0495919648 0.0477099237
1 0.5768989328 0.5834923664 0.1525423729 0.1984732824
1 0.2008788449 0.5467557252 0.0753295669 0.1011450382
2 0.1807909605 0.4918893130 0.0533584432 0.0930343511
2 0.9869742624 0.4961832061 0.0260514752 0.0591603053
