4 0.6867545512 0.5052480916 0.0131826742 0.0381679389
4 0.7614563716 0.4942748092 0.0131826742 0.0157442748
1 0.7219083490 0.5095419847 0.0276208412 0.0248091603
1 0.7802887633 0.5190839695 0.0351537979 0.0438931298
1 0.7576898933 0.5348282443 0.0558694288 0.0667938931
1 0.5241682360 0.5262404580 0.0470809793 0.0605916031
2 0.1431261770 0.4928435115 0.0420590082 0.1087786260
0 0.5141242938 0.5744274809 0.0357815443 0.0243320611
1 0.5492780917 0.5625000000 0.1086001255 0.1397900763
1 0.3998744507 0.5648854962 0.1148775895 0.1416984733
1 0.3113622097 0.7371183206 0.3741368487 0.5062022901
