4 0.9824231011 0.5085877863 0.0156936598 0.0496183206
4 0.0590081607 0.5076335878 0.0175768989 0.0601145038
1 0.0332705587 0.5143129771 0.0345260515 0.0434160305
1 0.9930947897 0.5176526718 0.0138104206 0.0295801527
1 0.4965473949 0.5186068702 0.0414312618 0.0467557252
1 0.3672316384 0.5295801527 0.0615191463 0.0753816794
1 0.4055241682 0.5357824427 0.0715630885 0.0873091603
0 0.5894538606 0.5386450382 0.0200878845 0.0181297710
1 0.6064030132 0.5176526718 0.0395480226 0.0443702290
1 0.5687382298 0.5333969466 0.0652856246 0.0815839695
2 0.5580665411 0.4918893130 0.0269930948 0.0539122137
