2 0.2862523540 0.4966603053 0.0370370370 0.0658396947
1 0.4695543001 0.5114503817 0.0282485876 0.0310114504
4 0.5448838669 0.5023854962 0.0138104206 0.0314885496
1 0.5467671061 0.5133587786 0.0269930948 0.0291030534
4 0.6183301946 0.5052480916 0.0144381670 0.0376908397
1 0.5907093534 0.5090648855 0.0276208412 0.0262404580
0 0.6440677966 0.5166984733 0.0263653484 0.0205152672
1 0.6729441306 0.5133587786 0.0238543628 0.0324427481
1 0.6842435656 0.5186068702 0.0225988701 0.0458015267
1 0.7030759573 0.5305343511 0.0546139360 0.0687022901
2 0.7696170747 0.4952290076 0.0238543628 0.0448473282
