4 0.7162586315 0.5052480916 0.0138104206 0.0410305344
4 0.7878217200 0.5062022901 0.0125549278 0.0400763359
1 0.7614563716 0.5104961832 0.0288763340 0.0281488550
1 0.7018204645 0.5124045802 0.0288763340 0.0319656489
0 0.6629001883 0.5281488550 0.0382925298 0.0310114504
1 0.6415568110 0.5104961832 0.0244821092 0.0300572519
2 0.4268675455 0.4957061069 0.0370370370 0.0687022901
1 0.8223477715 0.5181297710 0.0332705587 0.0391221374
1 0.8882611425 0.5372137405 0.0621468927 0.0796755725
2 0.9372253610 0.4990458015 0.0238543628 0.0424618321
2 0.9642184557 0.4976145038 0.0194601381 0.0510496183
