1 0.1122488752 0.5204926133 0.0394947231 0.0538965091
4 0.0590081607 0.5066793893 0.0207156309 0.0577290076
1 0.0364092906 0.5147900763 0.0332705587 0.0429389313
1 0.5536723164 0.5333969466 0.0659133710 0.0787213740
2 0.5938480854 0.4933206107 0.0269930948 0.0572519084
1 0.6723163842 0.5119274809 0.0175768989 0.0333969466
1 0.6836158192 0.5138358779 0.0326428123 0.0386450382
0 0.7495291902 0.5787213740 0.0225988701 0.0291030534
1 0.7947269303 0.5472328244 0.0847457627 0.1083015267
4 0.9843063402 0.5076335878 0.0188323917 0.0472328244
1 0.9629629630 0.5176526718 0.0338983051 0.0381679389
