0 0.3471437539 0.4646946565 0.0156936598 0.0124045802
4 0.1939736347 0.4961832061 0.0150659134 0.0209923664
4 0.2674199623 0.5042938931 0.0156936598 0.0381679389
1 0.2410546139 0.5076335878 0.0288763340 0.0291030534
1 0.1971123666 0.5143129771 0.0295040804 0.0333969466
1 0.1268047709 0.5133587786 0.0257376020 0.0343511450
1 0.2856246077 0.5119274809 0.0282485876 0.0357824427
1 0.3414940364 0.5128816794 0.0282485876 0.0286259542
1 0.3703703704 0.5109732824 0.0244821092 0.0329198473
1 0.3766478343 0.5200381679 0.0238543628 0.0386450382
1 0.3917137476 0.5276717557 0.0596359071 0.0720419847
1 0.7193973635 0.5147900763 0.0364092906 0.0372137405
2 0.7306967985 0.4966603053 0.0282485876 0.0701335878
2 0.7482736974 0.4995229008 0.0188323917 0.0682251908
2 0.7940991839 0.4961832061 0.0257376020 0.0772900763
2 0.8129315756 0.4966603053 0.0244821092 0.0768129771
2 0.9089767734 0.4961832061 0.0351537979 0.0729961832
2 0.9165097301 0.5109732824 0.0320150659 0.0472328244
2 0.9786566227 0.5009541985 0.0338983051 0.0725190840
