4 0.4394224733 0.5042938931 0.0138104206 0.0348282443
1 0.4017576899 0.5090648855 0.0251098556 0.0219465649
1 0.4639045825 0.5181297710 0.0338983051 0.0376908397
1 0.6924042687 0.5186068702 0.0370370370 0.0438931298
1 0.3716258632 0.5515267176 0.0966729441 0.1197519084
1 0.3471437539 0.5186068702 0.0389202762 0.0529580153
1 0.2284996861 0.5271946565 0.0514752040 0.0615458015
0 0.2140615191 0.5720419847 0.0326428123 0.0281488550
1 0.2161016949 0.7423664122 0.4322033898 0.5138358779
2 0.8794726930 0.4885496183 0.0495919648 0.0238549618
2 0.9221594476 0.4995229008 0.0288763340 0.0768129771
2 0.9541745135 0.4980916031 0.0326428123 0.0854007634
2 0.9761456372 0.4976145038 0.0282485876 0.0916030534
