2 0.5015693660 0.4918893130 0.0313873195 0.0548664122
1 0.0219711237 0.5147900763 0.0401757690 0.0443702290
1 0.0920057967 0.5219197273 0.0449906625 0.0589768142
4 0.0590081607 0.5085877863 0.0182046453 0.0625000000
1 0.6183301946 0.5271946565 0.0608913999 0.0663167939
1 0.5731324545 0.5162213740 0.0364092906 0.0429389313
1 0.3758509159 0.5771342516 0.1401646733 0.1850719303
1 0.8097928437 0.5925572519 0.1569365976 0.2032442748
1 0.9240426868 0.6254770992 0.1500313873 0.2547709924
0 0.8901443817 0.6459923664 0.0477087257 0.0310114504
4 0.9861895794 0.5085877863 0.0175768989 0.0510496183
