1 0.3892027621 0.5338740458 0.0684243566 0.0772900763
4 0.6082862524 0.5124045802 0.0244821092 0.0725190840
4 0.7614563716 0.5119274809 0.0232266164 0.0701335878
1 0.7306967985 0.5372137405 0.0420590082 0.0739503817
1 0.7150031387 0.5782442748 0.0872567483 0.1731870229
1 0.5988700565 0.7342557252 0.3590709353 0.4885496183
0 0.4557438795 0.9060114504 0.1657250471 0.1140267176
2 0.9548022599 0.5038167939 0.0207156309 0.0639312977
2 0.9761456372 0.4985687023 0.0251098556 0.0725190840
2 0.5109855618 0.4966603053 0.0326428123 0.0639312977
2 0.4795982423 0.4937977099 0.0263653484 0.0720419847
