4 0.4482109228 0.5062022901 0.0131826742 0.0391221374
4 0.5204017577 0.5047709924 0.0112994350 0.0343511450
1 0.6246076585 0.5310114504 0.0571249215 0.0706106870
0 0.0546139360 0.5267175573 0.0426867546 0.0395992366
2 0.1167608286 0.4952290076 0.0395480226 0.0820610687
1 0.3728813559 0.5124045802 0.0244821092 0.0291030534
1 0.4155681105 0.5119274809 0.0269930948 0.0343511450
1 0.4902699309 0.5100190840 0.0194601381 0.0257633588
1 0.4789704959 0.5166984733 0.0307595731 0.0333969466
1 0.5109855618 0.5128816794 0.0282485876 0.0324427481
1 0.5436283741 0.5143129771 0.0282485876 0.0329198473
2 0.9252981795 0.4947519084 0.0445699937 0.0858778626
2 0.9887005650 0.4990458015 0.0188323917 0.0734732824
2 0.9730069052 0.4980916031 0.0219711237 0.0749045802
2 0.6698053986 0.4952290076 0.0175768989 0.0424618321
