1 0.1086001255 0.5333969466 0.0583804143 0.0768129771
4 0.3603264281 0.5090648855 0.0207156309 0.0634541985
4 0.4927809165 0.5076335878 0.0194601381 0.0625000000
1 0.5668549906 0.5381679389 0.0759573132 0.0901717557
1 0.9271814187 0.5190839695 0.0351537979 0.0424618321
1 0.3465160075 0.5944656489 0.0640301318 0.1860687023
1 0.4450721908 0.7371183206 0.4262397991 0.5004770992
0 0.5040803515 0.9790076336 0.2165725047 0.0410305344
2 0.7382297552 0.4980916031 0.0219711237 0.0615458015
2 0.7608286252 0.4947519084 0.0301318267 0.0710877863
