4 0.3502824859 0.4856870229 0.0188323917 0.0190839695
1 0.0232266164 0.5319656489 0.0464532329 0.0768129771
4 0.2128060264 0.5090648855 0.0219711237 0.0691793893
1 0.2718141871 0.5166984733 0.0332705587 0.0515267176
1 0.7062146893 0.5553435115 0.1067168864 0.1335877863
1 0.8173258004 0.5195610687 0.0376647834 0.0410305344
1 0.2768361582 0.5787213740 0.0778405524 0.1593511450
1 0.3722536095 0.7123091603 0.3483992467 0.4441793893
0 0.4306340239 0.9026717557 0.1751412429 0.1121183206
2 0.6151914626 0.4971374046 0.0219711237 0.0634541985
2 0.6384180791 0.4918893130 0.0288763340 0.0715648855
2 0.6829880728 0.4966603053 0.0301318267 0.0591603053
2 0.5612052731 0.4947519084 0.0251098556 0.0625000000
2 0.5888261142 0.4971374046 0.0238543628 0.0543893130
