4 0.4074074074 0.4861641221 0.0200878845 0.0181297710
1 0.1939736347 0.5267175573 0.0564971751 0.0658396947
1 0.4507219083 0.5305343511 0.0420590082 0.0567748092
4 0.5367231638 0.5081106870 0.0238543628 0.0586832061
1 0.6497175141 0.5448473282 0.0834902699 0.1040076336
1 0.9661016949 0.5233778626 0.0332705587 0.0400763359
1 0.4921531701 0.5954198473 0.1387319523 0.2099236641
1 0.4256120527 0.7371183206 0.4444444444 0.5014312977
0 0.5819209040 0.9699427481 0.1977401130 0.0591603053
2 0.2849968613 0.4942748092 0.0257376020 0.0644083969
2 0.3126177024 0.4957061069 0.0320150659 0.0601145038
2 0.7338355304 0.4966603053 0.0238543628 0.0620229008
2 0.7564344005 0.4976145038 0.0244821092 0.0558206107
2 0.7765222850 0.4966603053 0.0225988701 0.0601145038
2 0.8512241055 0.4990458015 0.0219711237 0.0625000000
2 0.7162586315 0.5014312977 0.0244821092 0.0567748092
2 0.8035153798 0.4942748092 0.0307595731 0.0672709924
