4 0.5072190835 0.4875954198 0.0219711237 0.0171755725
4 0.3766478343 0.5071564885 0.0219711237 0.0625000000
1 0.4331450094 0.5162213740 0.0470809793 0.0429389313
1 0.6836158192 0.5238549618 0.0445699937 0.0477099237
1 0.8374136849 0.5782442748 0.1343377276 0.1727099237
1 0.5247959824 0.7390267176 0.4482109228 0.5071564885
0 0.5254237288 0.9751908397 0.2303829253 0.0429389313
2 0.2360326428 0.4937977099 0.0295040804 0.0658396947
2 0.2655367232 0.4942748092 0.0288763340 0.0634541985
2 0.6741996234 0.4966603053 0.0213433773 0.0553435115
2 0.7124921532 0.4957061069 0.0238543628 0.0567748092
2 0.7834274953 0.4966603053 0.0269930948 0.0548664122
