4 0.7821720025 0.5062022901 0.0175768989 0.0438931298
4 0.8662900188 0.5076335878 0.0150659134 0.0453244275
1 0.8185812932 0.5138358779 0.0238543628 0.0324427481
1 0.8035153798 0.5114503817 0.0244821092 0.0310114504
1 0.7438794727 0.5200381679 0.0313873195 0.0333969466
0 0.4613935970 0.5419847328 0.0138104206 0.0152671756
1 0.4369114878 0.5224236641 0.0533584432 0.0567748092
1 0.3954802260 0.5219465649 0.0464532329 0.0539122137
1 0.7168863779 0.5395992366 0.0728185813 0.0882633588
2 0.4212178280 0.4790076336 0.0426867546 0.0534351145
2 0.3132454488 0.4847328244 0.0338983051 0.0677480916
2 0.2561205273 0.4952290076 0.0288763340 0.0868320611
2 0.2172002511 0.4961832061 0.0426867546 0.0916030534
1 0.3182674200 0.5205152672 0.0420590082 0.0500954198
1 0.2812303829 0.5209923664 0.0439422473 0.0520038168
