4 0.0382925298 0.5085877863 0.0225988701 0.0648854962
4 0.1167608286 0.5066793893 0.0156936598 0.0558206107
1 0.0903954802 0.5128816794 0.0351537979 0.0438931298
1 0.2077840552 0.5209923664 0.0445699937 0.0524809160
1 0.2856246077 0.5195610687 0.0439422473 0.0500954198
1 0.4325172630 0.5143129771 0.0345260515 0.0481870229
1 0.4023854363 0.5248091603 0.0533584432 0.0629770992
0 0.6559949780 0.5367366412 0.0194601381 0.0147900763
2 0.6214689266 0.4923664122 0.0282485876 0.0567748092
1 0.6597614564 0.5166984733 0.0326428123 0.0434160305
1 0.6867545512 0.5262404580 0.0527306968 0.0605916031
