4 0.0345260515 0.5095419847 0.0200878845 0.0667938931
4 0.1161330822 0.5052480916 0.0163214062 0.0553435115
1 0.0878844947 0.5124045802 0.0351537979 0.0415076336
1 0.4965473949 0.5181297710 0.0426867546 0.0477099237
1 0.5976145637 0.5233778626 0.0502197112 0.0572519084
2 0.6421845574 0.4937977099 0.0345260515 0.0605916031
2 0.9485247960 0.4933206107 0.0721908349 0.1416984733
0 0.8738229755 0.5481870229 0.0194601381 0.0209923664
1 0.8135593220 0.5143129771 0.0326428123 0.0372137405
1 0.8330194601 0.5209923664 0.0307595731 0.0481870229
1 0.8512241055 0.5252862595 0.0445699937 0.0577290076
1 0.8794726930 0.5195610687 0.0194601381 0.0486641221
1 0.8832391714 0.5973282443 0.1406151915 0.2070610687
