4 0.0351537979 0.5090648855 0.0232266164 0.0691793893
4 0.1136220967 0.5047709924 0.0219711237 0.0548664122
1 0.0916509730 0.5181297710 0.0326428123 0.0338740458
1 0.2115505336 0.5162213740 0.0370370370 0.0434160305
0 0.6629001883 0.5291030534 0.0150659134 0.0124045802
1 0.6629001883 0.5162213740 0.0307595731 0.0400763359
1 0.6227244193 0.5157442748 0.0326428123 0.0410305344
1 0.5586942875 0.5152671756 0.0251098556 0.0429389313
1 0.5386064030 0.5224236641 0.0445699937 0.0534351145
1 0.5994978029 0.5262404580 0.0533584432 0.0615458015
2 0.5969868173 0.4904580153 0.0313873195 0.0553435115
