4 0.6415568110 0.5085877863 0.0282485876 0.0725190840
4 0.4758317640 0.5133587786 0.0269930948 0.0911259542
1 0.5530445700 0.5252862595 0.0671688638 0.0615458015
0 0.5241682360 0.6817748092 0.1355932203 0.1130725191
1 0.1249215317 0.6097328244 0.1720025110 0.2309160305
1 0.6434400502 0.6011450382 0.1688637790 0.2166030534
1 0.3979912116 0.5796755725 0.1406151915 0.1793893130
2 0.8091650973 0.4899809160 0.0251098556 0.0682251908
2 0.2780916510 0.4961832061 0.0395480226 0.0820610687
2 0.8537350910 0.4899809160 0.0320150659 0.0758587786
