4 0.0370370370 0.5100190840 0.0232266164 0.0701335878
4 0.1167608286 0.5076335878 0.0188323917 0.0601145038
1 0.0797237916 0.5147900763 0.0364092906 0.0419847328
1 0.1726302574 0.5195610687 0.0376647834 0.0486641221
1 0.5505335844 0.5410305344 0.0778405524 0.0925572519
2 0.6264908977 0.4914122137 0.0301318267 0.0572519084
1 0.6290018832 0.5138358779 0.0332705587 0.0415076336
1 0.7922159448 0.5143129771 0.0326428123 0.0348282443
0 0.9008160703 0.5696564885 0.0269930948 0.0271946565
1 0.9453860640 0.5453244275 0.0772128060 0.0939885496
1 0.8568738230 0.5472328244 0.0765850596 0.1040076336
