0 0.5015693660 0.5291030534 0.0175768989 0.0124045802
4 0.7821720025 0.5052480916 0.0131826742 0.0357824427
4 0.8531073446 0.5057251908 0.0131826742 0.0362595420
1 0.8041431262 0.5100190840 0.0244821092 0.0243320611
1 0.7024482109 0.5176526718 0.0433145009 0.0510496183
2 0.4262397991 0.4942748092 0.0345260515 0.0753816794
1 0.4927809165 0.5138358779 0.0295040804 0.0357824427
1 0.5455116133 0.5195610687 0.0401757690 0.0496183206
1 0.5128688010 0.5238549618 0.0458254865 0.0553435115
1 0.6283741368 0.5333969466 0.0671688638 0.0791984733
