4 0.7137476460 0.5066793893 0.0175768989 0.0529580153
4 0.6076585060 0.5052480916 0.0194601381 0.0515267176
1 0.6559949780 0.5128816794 0.0408035154 0.0362595420
1 0.3182674200 0.5152671756 0.0364092906 0.0395992366
1 0.1625863151 0.5481870229 0.0772128060 0.1087786260
2 0.1148775895 0.4928435115 0.0401757690 0.0958969466
0 0.5053358443 0.6297709924 0.0514752040 0.0462786260
1 0.5725047081 0.5791984733 0.1550533584 0.1903625954
1 0.9246704331 0.5267175573 0.0470809793 0.0582061069
2 0.9221594476 0.4957061069 0.0301318267 0.0605916031
2 0.9541745135 0.4966603053 0.0225988701 0.0601145038
