2 0.3163841808 0.4918893130 0.0263653484 0.0629770992
2 0.8556183302 0.4995229008 0.0376647834 0.0758587786
2 0.9114877589 0.4980916031 0.0326428123 0.0787213740
2 0.9673571877 0.4885496183 0.0389202762 0.0720419847
4 0.0076898933 0.5109732824 0.0153797866 0.0758587786
4 0.1330822348 0.5085877863 0.0219711237 0.0701335878
0 0.1406151915 0.5262404580 0.0200878845 0.0157442748
1 0.1079723792 0.5162213740 0.0508474576 0.0481870229
1 0.2335216573 0.5238549618 0.0558694288 0.0663167939
1 0.3440050220 0.5353053435 0.0747018205 0.0935114504
1 0.4193345888 0.5687022901 0.1242937853 0.1560114504
1 0.0276208412 0.6350190840 0.0552416824 0.1421755725
2 0.3910860013 0.4899809160 0.0175768989 0.0634541985
2 0.3716258632 0.4947519084 0.0263653484 0.0615458015
