2 0.1927181419 0.4966603053 0.0332705587 0.0601145038
0 0.6139359699 0.4794847328 0.0351537979 0.0267175573
1 0.2040175769 0.5186068702 0.0357815443 0.0443702290
4 0.4161958569 0.5100190840 0.0251098556 0.0663167939
1 0.3753923415 0.5419847328 0.0803515380 0.0925572519
1 0.4563716259 0.5200381679 0.0414312618 0.0529580153
4 0.5047080979 0.5100190840 0.0244821092 0.0753816794
1 0.0491211551 0.6125954198 0.0982423101 0.2333015267
1 0.4934086629 0.6087786260 0.1707470182 0.2309160305
2 0.8499686127 0.4985687023 0.0539861896 0.1140267176
2 0.9897991212 0.4904580153 0.0204017577 0.1326335878
2 0.9058380414 0.4947519084 0.0477087257 0.1063931298
