4 0.5586942875 0.4880725191 0.0175768989 0.0171755725
4 0.4318895166 0.5090648855 0.0238543628 0.0663167939
1 0.4908976773 0.5152671756 0.0445699937 0.0443702290
1 0.6585059636 0.5314885496 0.0539861896 0.0639312977
2 0.8330194601 0.5000000000 0.0295040804 0.0620229008
1 0.8863779033 0.5491412214 0.0753295669 0.1006679389
1 0.4726930320 0.6020992366 0.1073446328 0.2185114504
1 0.5455116133 0.7208969466 0.3885750157 0.4546755725
0 0.5065913371 0.9761450382 0.2140615191 0.0467557252
2 0.7620841180 0.4966603053 0.0282485876 0.0577290076
2 0.2881355932 0.4942748092 0.0244821092 0.0701335878
2 0.3163841808 0.4928435115 0.0288763340 0.0634541985
2 0.6679221594 0.4837786260 0.0301318267 0.0329198473
