4 0.0577526679 0.5062022901 0.0194601381 0.0415076336
1 0.0175768989 0.5124045802 0.0263653484 0.0252862595
1 0.1644695543 0.5143129771 0.0326428123 0.0400763359
1 0.2146892655 0.5281488550 0.0514752040 0.0691793893
1 0.3986189579 0.5357824427 0.0790960452 0.0949427481
1 0.4934086629 0.5133587786 0.0420590082 0.0477099237
0 0.3258003766 0.5238549618 0.0320150659 0.0262404580
2 0.5222849969 0.4933206107 0.0288763340 0.0749045802
2 0.5907093534 0.4933206107 0.0351537979 0.0801526718
2 0.6315128688 0.4928435115 0.0345260515 0.0830152672
2 0.7212806026 0.4890267176 0.0514752040 0.1116412214
2 0.8085373509 0.4961832061 0.0420590082 0.0825381679
2 0.8763339611 0.4923664122 0.0451977401 0.0982824427
