2 0.7928436911 0.4966603053 0.0338983051 0.0758587786
2 0.8662900188 0.4823473282 0.0326428123 0.0462786260
2 0.9089767734 0.4942748092 0.0495919648 0.0949427481
1 0.0144381670 0.5271946565 0.0288763340 0.0577290076
4 0.0703075957 0.5162213740 0.0238543628 0.0787213740
1 0.1864406780 0.5496183206 0.0552416824 0.0954198473
1 0.8731952291 0.5276717557 0.0489642185 0.0605916031
1 0.3352165725 0.7404580153 0.4331450094 0.4971374046
0 0.6716886378 0.9580152672 0.2071563089 0.0825381679
1 0.4984306340 0.5186068702 0.0357815443 0.0391221374
