0 0.6208411802 0.4451335878 0.0803515380 0.0620229008
4 0.5373509102 0.5100190840 0.0276208412 0.0772900763
4 0.6302573760 0.5166984733 0.0338983051 0.0992366412
1 0.5762711864 0.5276717557 0.0571249215 0.0667938931
1 0.7068424357 0.6536259542 0.2630257376 0.3320610687
1 0.1311989956 0.5166984733 0.0301318267 0.0438931298
1 0.1148775895 0.5486641221 0.0747018205 0.1068702290
1 0.5059635907 0.5639312977 0.0696798493 0.1421755725
1 0.4526051475 0.6130725191 0.1826741996 0.2500000000
2 0.3126177024 0.4937977099 0.0351537979 0.0682251908
