4 0.8462021343 0.5052480916 0.0163214062 0.0458015267
4 0.9409918393 0.5081106870 0.0169491525 0.0539122137
1 0.9698681733 0.5276717557 0.0464532329 0.0634541985
1 0.8832391714 0.5128816794 0.0345260515 0.0376908397
1 0.7106089140 0.5443702290 0.0860012555 0.1025763359
0 0.4645323289 0.4184160305 0.0194601381 0.0162213740
2 0.3672316384 0.4780534351 0.0345260515 0.0453244275
1 0.3590709353 0.5615458015 0.1136220967 0.1393129771
1 0.4425612053 0.5295801527 0.0615191463 0.0729961832
1 0.5367231638 0.5281488550 0.0596359071 0.0672709924
1 0.6057752668 0.5257633588 0.0539861896 0.0625000000
1 0.8374136849 0.5224236641 0.0326428123 0.0333969466
