2 0.1116446033 0.4941064715 0.0373451971 0.0398763381
1 0.0412004739 0.5180665255 0.0283268467 0.0436589271
1 0.0667485222 0.5213588476 0.0398538634 0.0494509712
1 0.1099450663 0.5172727704 0.0425544716 0.0487394445
1 0.1504324377 0.5124316812 0.0327856764 0.0358663015
0 0.2743471563 0.5139881968 0.0153013095 0.0117001450
1 0.4801159799 0.5077727437 0.0375041366 0.0301338062
4 0.4373191893 0.5031905174 0.0153636467 0.0434321687
4 0.5196176767 0.5030449033 0.0161160529 0.0430700742
1 0.5834489465 0.5136638284 0.0371954814 0.0415038243
