2 0.5330118537 0.4330756068 0.1031159684 0.0908602104
2 0.6395899057 0.4428139329 0.1103055999 0.0809932798
2 0.2083333333 0.4443378119 0.0561868687 0.0839731286
2 0.2594696970 0.4448176583 0.0606060606 0.0786948177
2 0.3169191919 0.4409788868 0.0732323232 0.0782149712
2 0.4387626263 0.4294625720 0.0909090909 0.0998080614
2 0.7424242424 0.4606525912 0.0902777778 0.0849328215
2 0.8529040404 0.4500959693 0.0833333333 0.0854126679
2 0.0814393939 0.4620921305 0.0404040404 0.0508637236
2 0.1243686869 0.4635316699 0.0416666667 0.0383877159
2 0.1792929293 0.4625719770 0.0340909091 0.0364683301
