2 0.5218750000 0.4826390000 0.1078130000 0.3013890000
2 0.6605470000 0.4937500000 0.1007810000 0.2763890000
2 0.8109380000 0.4881940000 0.1140630000 0.2847220000
2 0.3101560000 0.5638890000 0.1062500000 0.1861110000
0 0.4292970000 0.5687500000 0.0289060000 0.0319440000
3 0.4995265152 0.6924184261 0.9990530303 0.1511516315
1 0.0808080808 0.5964491363 0.1123737374 0.1405950096
2 0.1912878788 0.5105566219 0.1016414141 0.2015355086
2 0.1470959596 0.6108445298 0.1780303030 0.1357965451
2 0.0372474747 0.4995201536 0.0669191919 0.2408829175
2 0.8813131313 0.4841650672 0.0946969697 0.2739923225
