2 0.5268380642 0.4982386231 0.0431141779 0.0902793035
2 0.5857370496 0.4987046123 0.0467046760 0.0887367874
2 0.6407828283 0.4980806142 0.0536616162 0.0974088292
2 0.7127525253 0.4971209213 0.0479797980 0.1007677543
2 0.7973484848 0.4961612284 0.0239898990 0.0695777351
2 0.8188131313 0.5000000000 0.0277777778 0.0662188100
2 0.8434343434 0.4995201536 0.0353535354 0.0671785029
3 0.8779987374 0.5345489443 0.2440025253 0.0220729367
2 0.3301767677 0.5014395393 0.0536616162 0.1022072937
2 0.1313131313 0.5047984645 0.0378787879 0.0858925144
