0 0.523438 0.568056 0.026563 0.036111
1 0.590234 0.554167 0.111719 0.138889
1 0.482031 0.531944 0.100000 0.105556
1 0.203516 0.525000 0.069531 0.119444
1 0.089844 0.511806 0.040625 0.054167
1 0.126953 0.505556 0.032031 0.050000
2 0.397656 0.493056 0.031250 0.072222
2 0.442578 0.488194 0.042969 0.090278
2 0.514063 0.485417 0.037500 0.090278
2 0.541797 0.487500 0.030469 0.102778
2 0.630078 0.490278 0.033594 0.083333
2 0.702344 0.490278 0.048437 0.105556
2 0.836719 0.493750 0.029687 0.090278
2 0.862891 0.496528 0.022656 0.079167
2 0.893359 0.495833 0.030469 0.083333
