2 0.3764546216 0.4814886749 0.0803528801 0.1680345386
2 0.5026281209 0.4817773340 0.0893561104 0.1467798303
2 0.6364426017 0.4736627340 0.0610460937 0.1220329255
2 0.9084302187 0.4527430534 0.0620308816 0.1964566559
1 0.7162084579 0.6057571173 0.2668047249 0.2907462418
2 0.5932982917 0.4782825761 0.0860709593 0.1572641038
2 0.6826544021 0.4433349975 0.0657030223 0.0898652022
2 0.7181340342 0.4707938093 0.0834428384 0.1342985522
2 0.7417871222 0.4523215177 0.0643889619 0.1298052921
2 0.7844940867 0.4593110334 0.0742444152 0.1607588617
2 0.8396846255 0.4747878183 0.0676741130 0.1527708437
2 0.9441524310 0.4603095357 0.1038107753 0.2840738892
3 0.4224704336 0.5621567649 0.8028909330 0.0683974039
