1 0.0415293342 0.5255511022 0.0441661173 0.0495991984
1 0.2939004302 0.5103471279 0.0350268632 0.0335593000
0 0.3178781569 0.5219968557 0.0195418838 0.0133432066
1 0.4350692156 0.5125250501 0.0336189848 0.0260521042
1 0.5583388266 0.5120240481 0.0257086355 0.0275551102
1 0.5120761991 0.5110343695 0.0326059945 0.0339735895
0 0.5482135415 0.5552307367 0.0323425196 0.0266330466
0 0.6268547773 0.5271584392 0.0234363675 0.0151632335
1 0.6256479621 0.5143429637 0.0329652019 0.0362388082
4 0.6733420491 0.5059570670 0.0210729167 0.0487073697
1 0.9846736981 0.5140280561 0.0306526038 0.0450901804
1 0.0848714568 0.7515030060 0.1697429136 0.2965931864
4 0.5753151958 0.5063035804 0.0232249502 0.0484114977
