4 0.7442320369 0.4909819639 0.0329597891 0.0375751503
2 0.9729729730 0.4924849699 0.0527356625 0.1858717435
0 0.3516130149 0.5267351866 0.0215438381 0.0162090026
1 0.5418589321 0.5180360721 0.0441661173 0.0380761523
1 0.7363921404 0.5275065303 0.0635500625 0.0663027465
0 0.8319050758 0.5541082164 0.0296638102 0.0235470942
4 0.8918918919 0.5085170341 0.0290046144 0.0746492986
1 0.9139218330 0.5297500491 0.0538537838 0.0637297481
0 0.4389730096 0.8274881840 0.1550937891 0.1061816812
1 0.8287989383 0.5234493192 0.0491041805 0.0645486636
