1 0.1174597591 0.5482749939 0.1082357690 0.1252328008
4 0.3278251290 0.5007457733 0.0153920185 0.0313556865
1 0.3559580445 0.5127022266 0.0395735502 0.0421817079
4 0.3828392923 0.5008047819 0.0143626882 0.0328426436
1 0.4427589774 0.5048898458 0.0253593940 0.0231886636
1 0.5024883151 0.5059990883 0.0230749901 0.0230477136
1 0.5868717432 0.5074461699 0.0271531567 0.0266162623
1 0.6342499256 0.5117328763 0.0355358906 0.0370135307
1 0.7634530663 0.5183342099 0.0406488329 0.0482023582
1 0.9511529207 0.5251982212 0.0448115245 0.0647022426
0 0.5411997363 0.4869739479 0.0151615030 0.0110220441
2 0.5339485827 0.4929859719 0.0263678312 0.0621242485
1 0.0863546473 0.5270541082 0.0474620962 0.0826653307
4 0.9723137772 0.5165330661 0.0290046144 0.1112224449
