1 0.2102324069 0.5142490268 0.0410963595 0.0448465161
1 0.3586025049 0.5150300601 0.0388925511 0.0340681363
1 0.4577934742 0.5139377713 0.0421227179 0.0450094901
1 0.5148319051 0.5135270541 0.0296638102 0.0310621242
4 0.5398813448 0.5060120240 0.0276862228 0.0636272545
1 0.6135705113 0.5178412199 0.0421077572 0.0515336096
0 0.6198900342 0.5388827324 0.0262795705 0.0182368811
4 0.6710184216 0.5064439178 0.0269629564 0.0619463921
0 0.5245054364 0.6396009922 0.0731393695 0.0572301820
0 0.2359920897 0.5270541082 0.0230718523 0.0175350701
