0 0.2462466359 0.5475633740 0.0303210840 0.0228111893
1 0.2701388896 0.5257327557 0.0600236729 0.0660645142
1 0.5778461099 0.5156765580 0.0445792377 0.0468045957
1 0.7459953427 0.5204569697 0.0436345525 0.0534286052
0 0.7541181445 0.5414334536 0.0285515655 0.0201761164
0 0.7296085358 0.6707822680 0.0827979892 0.0666342080
2 0.7719182597 0.4954909820 0.0520764667 0.0976953908
4 0.7943309163 0.5070140281 0.0303230059 0.0651302605
4 0.6644693474 0.5075150301 0.0329597891 0.0666332665
1 0.6400791035 0.5175350701 0.0369149637 0.0380761523
1 0.4719841793 0.5155310621 0.0441661173 0.0360721443
