2 0.2609427869 0.5135573149 0.0846307799 0.0994855687
1 0.5958986282 0.5175038576 0.0504483655 0.0514175929
4 0.6220162511 0.5072624683 0.0237647817 0.0629928336
1 0.6695146561 0.5186403990 0.0433713868 0.0473104604
1 0.7340630889 0.5214321017 0.0460383408 0.0510962233
0 0.7336860895 0.6460115314 0.0736616179 0.0578756407
2 0.9652274225 0.4824649299 0.0695451549 0.2640280561
4 0.7448912327 0.5045090180 0.0276862228 0.0576152305
0 0.6591957811 0.5375751503 0.0276862228 0.0195390782
1 0.4706657877 0.5145290581 0.0369149637 0.0305611222
