4 0.6008663774 0.4958015680 0.0253186673 0.0436014198
2 0.7705998682 0.4924849699 0.0632827950 0.1452905812
0 0.2551495731 0.5240253210 0.0233515818 0.0165607948
1 0.4232036915 0.5150300601 0.0395517469 0.0335671343
1 0.5889344811 0.5200616717 0.0550293587 0.0565649904
0 0.6685748100 0.5423510671 0.0289130639 0.0193138607
1 0.6689792871 0.5188841224 0.0423011072 0.0506825894
1 0.7420405149 0.5224129558 0.0502508506 0.0545012169
0 0.4268353581 0.6450659633 0.0728609934 0.0573254377
4 0.7332448573 0.4982349975 0.0272063703 0.0458900656
