2 0.0969017798 0.4879759519 0.0441661173 0.1292585170
2 0.0415293342 0.4869739479 0.0540540541 0.1422845691
2 0.3381674357 0.4889779559 0.0309822017 0.0676352705
1 0.1532778889 0.5574105382 0.1227374300 0.1441881210
4 0.2696004510 0.5006896853 0.0156928264 0.0318467543
1 0.3244248033 0.5260356665 0.0623924471 0.0715406239
1 0.3944912553 0.5270555615 0.0675868839 0.0726369023
0 0.4474825263 0.5236862898 0.0183073021 0.0145212719
1 0.5378054976 0.5419704318 0.0859930217 0.1021642536
1 0.7190595865 0.5348171592 0.0711715147 0.0798071921
1 0.8232798576 0.5209056139 0.0441548899 0.0495803431
1 0.9812306166 0.5304894447 0.0375387073 0.0846045762
1 0.0141008626 0.5320221886 0.0282017253 0.0706001009
