4 0.6440636516 0.4948006570 0.0245859437 0.0407527387
0 0.3028718829 0.5232340693 0.0213529989 0.0159490258
1 0.4693473962 0.5140280561 0.0402109426 0.0310621242
1 0.6354166865 0.5197104216 0.0536793545 0.0555518493
1 0.7129162550 0.5187983513 0.0410454310 0.0511022583
0 0.7131743431 0.5418798923 0.0254936200 0.0199199859
1 0.7846471667 0.5227035284 0.0485404022 0.0536008291
2 0.9518787080 0.5210420842 0.0725115359 0.0986973948
0 0.4909363389 0.6371410489 0.0700977817 0.0560127161
4 0.7743861977 0.5012607161 0.0252156603 0.0509329299
