0 0.4508196721 0.5390713477 0.0745156483 0.0594563986
1 0.1780923994 0.5152887882 0.0260804769 0.0249150623
4 0.1356184799 0.5113250283 0.0149031297 0.0362400906
4 0.2123695976 0.5101925255 0.0193740686 0.0368063420
1 0.0253353204 0.5198187995 0.0290611028 0.0396375991
1 0.0581222057 0.5385050963 0.0529061103 0.0713476784
1 0.2190760060 0.5249150623 0.0394932936 0.0469988675
1 0.1959761550 0.5396375991 0.0588673621 0.0758776897
1 0.3301043219 0.5781426954 0.1192250373 0.1506228766
1 0.9493293592 0.5583238958 0.0789865872 0.1053227633
2 0.5394932936 0.5045300113 0.0365126677 0.0707814270
