1 0.0780365009 0.5327594452 0.0377595972 0.0478240077
1 0.1422278162 0.5408895265 0.0534927627 0.0703012912
1 0.1799874135 0.5370636059 0.0446821901 0.0588235294
4 0.3461296413 0.5164992826 0.0182504720 0.0416068867
1 0.3964757709 0.5217599235 0.0276903713 0.0286944046
4 0.4386406545 0.5179340029 0.0157331655 0.0444763271
0 0.5084959094 0.5313247250 0.0365009440 0.0263032042
2 0.7325361863 0.5083692013 0.0365009440 0.0683883309
1 0.9219634991 0.5490196078 0.0673379484 0.0966044955
1 0.3769666457 0.6068866571 0.1548143486 0.2113821138
3 0.7467001886 0.5370281892 0.1502199874 0.0200668896
