0 0.8166915052 0.3476783692 0.1154992548 0.0951302378
1 0.0998509687 0.5588901472 0.0782414307 0.1041902605
1 0.1400894188 0.5203850510 0.0260804769 0.0260475651
4 0.1073025335 0.5141562854 0.0171385991 0.0368063420
1 0.1766020864 0.5305775764 0.0380029806 0.0492638732
4 0.1810730253 0.5118912797 0.0163934426 0.0334088335
1 0.2771982116 0.5645526614 0.0886736215 0.1217440544
2 0.4776453055 0.5079275198 0.0365126677 0.0668176670
1 0.8509687034 0.5537938845 0.0730253353 0.0962627407
1 0.9329359165 0.5305775764 0.0365126677 0.0475651189
3 0.9368321810 0.5518394649 0.1263356380 0.0124223602
