1 0.1938325991 0.5614538498 0.0755191945 0.0870396939
1 0.2479546885 0.5255858441 0.0276903713 0.0334768054
4 0.5223410950 0.5179340029 0.0157331655 0.0401721664
1 0.5663939585 0.5236728838 0.0289490245 0.0286944046
2 0.9024543738 0.5117168819 0.0383889239 0.0918220947
1 0.2573945878 0.5758010521 0.0799244808 0.1315160210
1 0.6028949025 0.5695839311 0.1063561989 0.1291248207
1 0.4046570170 0.7489239598 0.4436752675 0.4973696796
0 0.5588420390 0.9766857963 0.2045311517 0.0466284075
3 0.9214330610 0.5461060678 0.1062225016 0.0248447205
