0 0.5160478288 0.5203252033 0.0220264317 0.0172166428
1 0.9754562618 0.5265423242 0.0283196979 0.0334768054
4 0.9483952171 0.5093256815 0.0176211454 0.0229555237
1 0.9414726243 0.5313247250 0.0320956576 0.0401721664
1 0.7337948395 0.5863223338 0.1264946507 0.1606886657
1 0.6633102580 0.5356288857 0.0541220894 0.0631276901
1 0.5437382001 0.5341941655 0.0534927627 0.0655188905
1 0.4990560101 0.5404112865 0.0610446822 0.0722142516
1 0.3184392700 0.5652797704 0.0988042794 0.1238641798
1 0.1137507867 0.7149689144 0.2275015733 0.4490674319
