0 0.6444304594 0.5035868006 0.0157331655 0.0138689622
1 0.6991818754 0.5212816834 0.0239144116 0.0210425634
4 0.7375707992 0.5179340029 0.0151038389 0.0334768054
1 0.6916299559 0.5246293639 0.0213971051 0.0181731229
4 0.6702328508 0.5188904830 0.0132158590 0.0349115256
1 0.7734424166 0.5279770445 0.0289490245 0.0382592061
1 0.9874134676 0.5313247250 0.0232850850 0.0377809660
1 0.5903083700 0.5241511239 0.0276903713 0.0344332855
1 0.5500314663 0.5265423242 0.0314663310 0.0368244859
1 0.4927627439 0.5365853659 0.0446821901 0.0540411286
1 0.6236626809 0.5284552846 0.0339836375 0.0392156863
2 0.3291378225 0.5069344811 0.0320956576 0.0712577714
