0 0.5663939585 0.5514108082 0.0220264317 0.0200860832
1 0.9358086847 0.5184122429 0.0302076778 0.0291726447
1 0.9068596602 0.5231946437 0.0283196979 0.0334768054
4 0.9855254877 0.5160210426 0.0157331655 0.0478240077
4 0.8986784141 0.5112386418 0.0151038389 0.0382592061
1 0.8357457520 0.5308464849 0.0421648836 0.0535628886
1 0.6935179358 0.5279770445 0.0409062303 0.0502152080
1 0.5959723096 0.5351506456 0.0547514160 0.0683883309
1 0.5588420390 0.5294117647 0.0446821901 0.0621712099
1 0.5286343612 0.5514108082 0.0780365009 0.1009086561
2 0.3549402140 0.5016738403 0.0446821901 0.0750836920
