4 0.0072236181 0.5097852029 0.0144472362 0.0482100239
4 0.0816582915 0.4930787589 0.0144472362 0.0171837709
1 0.0552763819 0.5121718377 0.0282663317 0.0295942721
1 0.0282663317 0.5140811456 0.0244974874 0.0324582339
1 0.0829145729 0.5260143198 0.0433417085 0.0563245823
0 0.4673366834 0.5126491647 0.0188442211 0.0124105012
1 0.5376884422 0.5245823389 0.0376884422 0.0463007160
1 0.5678391960 0.5284009547 0.0402010050 0.0491646778
1 0.6677135678 0.5312649165 0.0483668342 0.0544152745
1 0.9505339196 0.5708830549 0.0989321608 0.1331742243
2 0.6136934673 0.4992840095 0.0433417085 0.0868735084
