4 0.4395951929 0.5144230769 0.0208728653 0.0711538462
4 0.5730550285 0.4937500000 0.0208728653 0.0211538462
0 0.1283997470 0.5086538462 0.0271979760 0.0225961538
1 0.7912713472 0.5307692308 0.0417457306 0.0543269231
1 0.4642631246 0.5221153846 0.0550284630 0.0495192308
1 0.6457938014 0.5346153846 0.0581910183 0.0774038462
1 0.6034155598 0.5461538462 0.0474383302 0.1000000000
1 0.5667299178 0.6057692308 0.1790006325 0.2250000000
1 0.9672675522 0.6658653846 0.0654648956 0.1788461538
1 0.9582542694 0.5230769231 0.0373181531 0.0456730769
