2 0.0477386935 0.4763723150 0.0452261307 0.0754176611
2 0.1966080402 0.4949880668 0.0427135678 0.0821002387
2 0.2342964824 0.4949880668 0.0376884422 0.0787589499
2 0.5157035176 0.4973747017 0.0722361809 0.0921241050
1 0.0464824121 0.5284009547 0.0521356784 0.0610978520
4 0.6689698492 0.5116945107 0.0207286432 0.0520286396
4 0.7751256281 0.5126491647 0.0207286432 0.0534606205
0 0.5942211055 0.5384248210 0.0163316583 0.0143198091
1 0.6978643216 0.5188544153 0.0326633166 0.0367541766
1 0.8103015075 0.5331742243 0.0502512563 0.0649164678
1 0.6878140704 0.5389021480 0.0628140704 0.0830548926
1 0.6017587940 0.5198090692 0.0295226131 0.0400954654
1 0.5672110553 0.5427207637 0.0665829146 0.0897374702
1 0.6174623116 0.5622911695 0.1011306533 0.1284009547
