2 0.0540201005 0.4940334129 0.0496231156 0.0973747017
2 0.1061557789 0.4940334129 0.0408291457 0.0887828162
2 0.2462311558 0.4921241050 0.0471105528 0.0825775656
0 0.7342964824 0.5594272076 0.0169597990 0.0195704057
1 0.7782663317 0.5355608592 0.0559045226 0.0696897375
4 0.7129396985 0.5026252983 0.0213567839 0.0515513126
4 0.8988693467 0.5236276850 0.0251256281 0.0911694511
1 0.7060301508 0.5379474940 0.0653266332 0.0677804296
1 0.6187185930 0.5436754177 0.0703517588 0.0878281623
1 0.0822864322 0.5976133652 0.1501256281 0.2124105012
