4 0.0345477387 0.4911694511 0.0163316583 0.0214797136
4 0.1256281407 0.5035799523 0.0182160804 0.0458233890
1 0.0270100503 0.5121718377 0.0257537688 0.0367541766
1 0.1168341709 0.5140811456 0.0314070352 0.0362768496
1 0.1582914573 0.5193317422 0.0351758794 0.0367541766
1 0.2543969849 0.5217183771 0.0402010050 0.0486873508
0 0.3555276382 0.7002386635 0.0879396985 0.0706443914
2 0.5961055276 0.4973747017 0.0452261307 0.0816229117
1 0.9239949749 0.5498806683 0.0640703518 0.0968973747
1 0.9516331658 0.5818615752 0.0967336683 0.1589498807
1 0.5025125628 0.6739856802 0.2864321608 0.3613365155
