4 0.3753923415 0.4942748092 0.0200878845 0.0186068702
4 0.4682988073 0.4947519084 0.0144381670 0.0157442748
0 0.4287507847 0.5004770992 0.0194601381 0.0147900763
1 0.0332705587 0.5233778626 0.0382925298 0.0486641221
1 0.3094789705 0.5190839695 0.0408035154 0.0477099237
1 0.3910860013 0.5157442748 0.0263653484 0.0338740458
1 0.3697426240 0.5329198473 0.0627746390 0.0734732824
1 0.4626490898 0.5128816794 0.0326428123 0.0372137405
1 0.5480225989 0.5233778626 0.0338983051 0.0472328244
1 0.5160075330 0.5238549618 0.0414312618 0.0529580153
1 0.4808537351 0.5376908397 0.0621468927 0.0825381679
2 0.8826114250 0.5009541985 0.0477087257 0.1140267176
2 0.0659133710 0.4952290076 0.0263653484 0.0577290076
2 0.0320150659 0.4861641221 0.0213433773 0.0395992366
2 0.0083176397 0.4895038168 0.0166352793 0.0753816794
