4 0.1287688442 0.5078758950 0.0194723618 0.0491646778
4 0.2135678392 0.5059665871 0.0144472362 0.0434367542
1 0.1871859296 0.5112171838 0.0282663317 0.0300715990
1 0.1639447236 0.5131264916 0.0244974874 0.0334128878
0 0.5747487437 0.5451073986 0.0219849246 0.0167064439
1 0.2211055276 0.5231503580 0.0427135678 0.0505966587
1 0.2361809045 0.5188544153 0.0263819095 0.0463007160
1 0.3184673367 0.5465393795 0.0822864322 0.0997613365
1 0.4453517588 0.5303102625 0.0559045226 0.0606205251
1 0.7091708543 0.5288782816 0.0464824121 0.0544152745
2 0.6074120603 0.4902147971 0.0414572864 0.0534606205
1 0.5954773869 0.5389021480 0.0584170854 0.0744630072
