2 0.3869346734 0.4663484487 0.0546482412 0.0644391408
2 0.4817839196 0.4997613365 0.0741206030 0.1489260143
2 0.7531407035 0.4930787589 0.1092964824 0.2491646778
1 0.5144472362 0.5532219570 0.0942211055 0.1131264916
2 0.6765075377 0.5011933174 0.0596733668 0.1441527446
2 0.8203517588 0.5073985680 0.0596733668 0.1579952267
2 0.9813128141 0.5346062053 0.0373743719 0.1016706444
1 0.1174623116 0.6252983294 0.2129396985 0.2715990453
1 0.1849874372 0.8286396181 0.3699748744 0.3422434368
0 0.4981155779 0.9799522673 0.2141959799 0.0391408115
1 0.0533919598 0.5221957041 0.0326633166 0.0439140811
