2 0.2324120603 0.4964200477 0.0464824121 0.0792362768
2 0.2751256281 0.4926014320 0.0339195980 0.0663484487
2 0.4114321608 0.4968973747 0.0496231156 0.0811455847
4 0.8373115578 0.4863961814 0.0326633166 0.0429594272
1 0.0235552764 0.5465393795 0.0471105528 0.1088305489
1 0.2587939698 0.5365155131 0.0628140704 0.0763723150
1 0.4195979899 0.5269689737 0.0471105528 0.0548926014
0 0.4434673367 0.5436754177 0.0106783920 0.0143198091
1 0.5854271357 0.5431980907 0.0684673367 0.0844868735
1 0.8410804020 0.5594272076 0.0841708543 0.1121718377
2 0.0747487437 0.4968973747 0.0402010050 0.0878281623
2 0.2173366834 0.5136038186 0.0420854271 0.0510739857
2 0.0175879397 0.4897374702 0.0295226131 0.0649164678
