4 0.1914626491 0.5071564885 0.0182046453 0.0438931298
4 0.2724419335 0.5081106870 0.0213433773 0.0443702290
1 0.2517263026 0.5128816794 0.0320150659 0.0286259542
1 0.3804143126 0.5257633588 0.0445699937 0.0520038168
0 0.5103578154 0.5543893130 0.0175768989 0.0181297710
1 0.5091023227 0.5267175573 0.0408035154 0.0553435115
1 0.4714375392 0.5458015267 0.0753295669 0.0935114504
1 0.5360954175 0.6097328244 0.1669805399 0.2228053435
2 0.8311362210 0.5000000000 0.0552416824 0.1397900763
1 0.0109855618 0.5143129771 0.0219711237 0.0419847328
