2 0.7988686361 0.4949832776 0.0314267756 0.0559006211
2 0.8686360779 0.4930721452 0.0339409177 0.0659340659
3 0.6398491515 0.5461060678 0.6725329981 0.0243669374
2 0.6373350094 0.5226946966 0.0647391578 0.0401337793
1 0.6425092220 0.5298841000 0.0791008472 0.0861445889
2 0.7215587681 0.5332059245 0.0502828410 0.0525561395
2 0.7273326516 0.5105463862 0.0740423799 0.1113722473
1 0.8206675649 0.5285204053 0.0566554293 0.0650781468
1 0.5427520275 0.7186939716 0.4040601552 0.4846350849
0 0.5053425519 0.9417104634 0.2168447517 0.1008122312
0 0.6864353312 0.6975071908 0.0858044164 0.0675934803
