1 0.7284726587 0.5260391782 0.0527969830 0.0683229814
3 0.7419861722 0.5499283325 0.5160276556 0.0281892021
1 0.8222161531 0.5309579968 0.0964399353 0.0910126567
2 0.9132620993 0.5360726230 0.0741671904 0.0625895843
1 0.6353279948 0.7162079215 0.4170102477 0.4775595069
0 0.8183532370 0.7095078834 0.0955373979 0.0754897277
0 0.4827152734 0.9354992833 0.1961030798 0.1084567606
2 0.9151477058 0.4868609651 0.0427404148 0.0645007167
2 0.9622878693 0.4949832776 0.0320553111 0.0544672719
2 0.0502828410 0.5016722408 0.0370835952 0.0664118490
