2 0.1541964867 0.4841740851 0.0845803513 0.2863501484
2 0.2335718933 0.4935707221 0.0527000651 0.1132542038
2 0.3389720234 0.4935707221 0.0240728692 0.0499505440
2 0.4489264802 0.4915924827 0.0357839948 0.0568743818
2 0.4951203643 0.4925816024 0.0370852310 0.0702274975
2 0.5432661028 0.4960435213 0.0221210150 0.0454995054
2 0.7122548819 0.4941226840 0.0661704540 0.1219414324
2 0.1138581653 0.5054401583 0.1314248536 0.3654797230
1 0.2134760705 0.5174724749 0.0440806045 0.0502632839
1 0.3597845435 0.5051052570 0.0213287231 0.0267868359
4 0.3715029278 0.5004945598 0.0123617437 0.0301681503
0 0.7508132726 0.5232443126 0.0156148341 0.0118694362
0 0.7944046845 0.5163204748 0.0156148341 0.0113748764
3 0.0366813602 0.6294877932 0.0733627204 0.0871230254
1 0.4255042290 0.6315529179 0.2465842550 0.2942631058
