2 0.4567338972 0.4891196835 0.0670136630 0.1379821958
2 0.5185426155 0.4920870425 0.0676642811 0.1364985163
4 0.1060507482 0.5039564787 0.0247234873 0.0608308605
4 0.2281981558 0.5062639713 0.0284125693 0.0713789687
1 0.2960312297 0.5118694362 0.0442420299 0.0553907023
1 0.4710474951 0.5262116716 0.0800260247 0.0722057369
1 0.9363979849 0.5347056008 0.0711586902 0.0804212542
1 0.8529603123 0.5801186944 0.1554977228 0.1795252226
1 0.9160702668 0.6454005935 0.1678594665 0.3189910979
3 0.8668136020 0.5706079464 0.2663727960 0.0737194830
