2 0.0294404684 0.4990108803 0.0588809369 0.4159248269
2 0.1307742355 0.4896142433 0.0396877033 0.1191889219
2 0.2121014964 0.4965380811 0.0253741054 0.0464886251
2 0.3487312947 0.4787339268 0.0435914118 0.0281899110
2 0.3928211331 0.4976853728 0.0363717936 0.0565939993
2 0.4378659727 0.4970326409 0.0227716331 0.0450049456
2 0.5163486004 0.4925244749 0.0837653875 0.1814052165
2 0.8191281718 0.4886251236 0.0169160703 0.0252225519
2 0.8028627196 0.4886251236 0.0169160703 0.0207715134
3 0.0547858942 0.5222594543 0.0591939547 0.0239348971
0 0.6943919345 0.5158045977 0.0132325142 0.0110153257
0 0.6502835539 0.5229885057 0.0157529931 0.0095785441
1 0.3279115159 0.6449060336 0.2719583604 0.3303659743
1 0.3545340050 0.5045476304 0.0207808564 0.0224988033
1 0.2556675063 0.5059837243 0.0201511335 0.0253709909
1 0.1020151134 0.5189085687 0.0302267003 0.0536141695
