2 0.2092843354 0.4921787679 0.0293119159 0.0443326570
1 0.5298570991 0.5080032349 0.0357048325 0.0307155326
1 0.8936297894 0.5864683390 0.1413735449 0.1914752871
4 0.0636420920 0.5004789272 0.0195337114 0.0340038314
4 0.1329552615 0.5000000000 0.0176433522 0.0349616858
0 0.1064902331 0.5292145594 0.0195337114 0.0143678161
0 0.2747321991 0.5320881226 0.0189035917 0.0148467433
2 0.3724007561 0.4861111111 0.1266540643 0.3136973180
0 0.8405797101 0.5651340996 0.0315059861 0.0249042146
2 0.4914933837 0.4913793103 0.0302457467 0.0584291188
2 0.6477630750 0.4942528736 0.0277252678 0.0498084291
2 0.7284183995 0.4923371648 0.0270951481 0.0502873563
2 0.8386893510 0.4980842912 0.0277252678 0.0632183908
