2 0.2127521145 0.4901088032 0.0474951204 0.1181998022
2 0.3090435914 0.4975272008 0.0299284320 0.0430267062
2 0.4294079375 0.4802176063 0.0390370852 0.0306627102
2 0.4770846963 0.4970096052 0.0348295979 0.0608646758
2 0.5178919974 0.4940652819 0.0273259597 0.0425321464
2 0.6659412980 0.4951212108 0.0833963528 0.1397377402
2 0.8887443071 0.4906033630 0.0136629798 0.0207715134
2 0.8737800911 0.4886251236 0.0175666884 0.0222551929
2 0.0858815875 0.5014836795 0.1639557580 0.3768545994
3 0.1335012594 0.5232168502 0.0547858942 0.0253709909
1 0.1880286272 0.5178041543 0.0435914118 0.0573689416
1 0.3357189330 0.5054401583 0.0234222511 0.0267062315
4 0.3467794405 0.5029673591 0.0162654522 0.0321463897
0 0.7324221134 0.5225800276 0.0190580357 0.0128857959
0 0.7753472924 0.5163152814 0.0184029378 0.0104641160
3 0.0283375315 0.6256582097 0.0566750630 0.0761129727
1 0.4071682692 0.6323571801 0.2529360056 0.3029374182
