1 0.6170786619 0.5237597823 0.0491690561 0.0586376078
2 0.0127599244 0.4865900383 0.0255198488 0.1479885057
2 0.0806553245 0.4952107280 0.1235034657 0.3740421456
0 0.5658475110 0.5416666667 0.0239445495 0.0177203065
1 0.7063642092 0.5948275862 0.1663516068 0.2107279693
2 0.9080025205 0.4976053640 0.0573408948 0.1556513410
4 0.8720856963 0.5138888889 0.0239445495 0.0795019157
2 0.3931947070 0.4952107280 0.0264650284 0.0536398467
2 0.4877126654 0.4880268199 0.0270951481 0.0445402299
2 0.5463137996 0.4937739464 0.0283553875 0.0589080460
2 0.2022684310 0.4928160920 0.0352867045 0.0617816092
2 0.2640201638 0.4932950192 0.0220541903 0.0603448276
