2 0.9149471521 0.4913549125 0.0537940674 0.1074856222
1 0.2274732199 0.6058429119 0.1865154379 0.2380268199
4 0.1329552615 0.5081417625 0.0220541903 0.0636973180
4 0.0270951481 0.5071839080 0.0195337114 0.0565134100
1 0.5797101449 0.5766283525 0.1398865784 0.1781609195
0 0.7120352867 0.6020114943 0.0522999370 0.0402298851
2 0.6402016383 0.4875478927 0.1159420290 0.2174329502
2 0.3175803403 0.4961685824 0.1436672968 0.3433908046
2 0.8645242596 0.4942528736 0.1228733459 0.2854406130
1 0.7214870825 0.5287356322 0.0560806553 0.0646551724
