4 0.6599368453 0.5071226358 0.0207702536 0.0546593927
4 0.7407308221 0.5110019445 0.0250277296 0.0699354336
1 0.0765595463 0.6230842912 0.1531190926 0.2892720307
1 0.4001260239 0.6939655172 0.3125393825 0.4219348659
0 0.1997479521 0.5134099617 0.0138626339 0.0090996169
2 0.1846250788 0.4918582375 0.0346565848 0.0569923372
0 0.1720226843 0.5205938697 0.0157529931 0.0129310345
0 0.0434782609 0.5205938697 0.0144927536 0.0114942529
1 0.8657844991 0.5426245211 0.0982986767 0.0943486590
2 0.9344675488 0.4961685824 0.0674228103 0.1877394636
2 0.8954001260 0.4645593870 0.0535601764 0.1096743295
