2 0.0155702718 0.4928916097 0.0311405435 0.0656887442
0 0.0181397665 0.5665937662 0.0327389278 0.0259305891
4 0.4409329295 0.5196928382 0.0342612639 0.0892254710
1 0.1615336266 0.5102723364 0.0131992458 0.0258002867
1 0.1785040855 0.5117056856 0.0207416719 0.0334448161
1 0.1929604023 0.5145723841 0.0276555625 0.0324892499
1 0.0835952231 0.5824175824 0.1451917033 0.1973244147
1 0.1074795726 0.5241280459 0.0465116279 0.0559006211
2 0.3136392206 0.4992833254 0.0710245129 0.1399904443
2 0.5637963545 0.4830387004 0.2105593966 0.4519827998
