2 0.7837837838 0.4968944099 0.0685103708 0.0979455327
2 0.9390320553 0.4796942188 0.0779384035 0.1404682274
4 0.4022627278 0.5088389871 0.0188560654 0.0506450072
4 0.5227622390 0.5115292072 0.0255214255 0.0569713414
1 0.7221873036 0.5260391782 0.0458830924 0.0511227903
1 0.7793840352 0.5637840420 0.1125078567 0.1385570951
1 0.9488111734 0.5610791445 0.0923543498 0.1008319929
3 0.9512884978 0.5542283803 0.0974230044 0.0372670807
2 0.9729729730 0.5164835165 0.0540540541 0.2169135213
1 0.5724181360 0.5174724749 0.0314861461 0.0411680230
