1 0.9851785302 0.5258785486 0.0296429396 0.0247724857
1 0.7996914387 0.6604491472 0.2643297911 0.3576027453
2 0.5537397863 0.4935499283 0.1766184789 0.2986144290
2 0.8981772470 0.5031055901 0.0521684475 0.1055900621
0 0.9817724701 0.5332059245 0.0150848523 0.0114667941
2 0.9566310497 0.5054945055 0.0307982401 0.0630673674
2 0.7077309868 0.5064500717 0.0238843495 0.0401337793
1 0.7278441232 0.5150501672 0.0238843495 0.0224558051
2 0.7272155877 0.5011944577 0.0226272784 0.0334448161
0 0.2815839095 0.5327281414 0.0207416719 0.0181557573
