2 0.0957781979 0.4947318008 0.0642722117 0.1460727969
3 0.0490669198 0.5613893867 0.0981338397 0.0416748598
2 0.1562696912 0.5162835249 0.0730938878 0.0953065134
1 0.4979314208 0.5116384625 0.0237929877 0.0191586781
4 0.4524259609 0.5062260536 0.0157529931 0.0268199234
4 0.5129174543 0.5076628352 0.0144927536 0.0277777778
2 0.5595463138 0.5062260536 0.0245746692 0.0522030651
0 0.7315689981 0.5296934866 0.0189035917 0.0129310345
0 0.8239358664 0.5252069235 0.0185451806 0.0116960360
1 0.3673597984 0.6642720307 0.3541272842 0.3529693487
1 0.1902961563 0.5306513410 0.0579710145 0.0718390805
