1 0.5144975185 0.5177866817 0.0342292115 0.0324430577
3 0.3800816238 0.6041370630 0.7601632476 0.0649520531
1 0.1814744802 0.5517241379 0.1190926276 0.1130268199
1 0.0478890989 0.5450191571 0.0957781979 0.1115900383
1 0.6528040328 0.6441570881 0.2432262130 0.3146551724
1 0.9316320101 0.6192528736 0.1367359798 0.2471264368
2 0.8935097669 0.5000000000 0.1102709515 0.2409003831
2 0.7372400756 0.4961685824 0.1373660996 0.2988505747
2 0.4291115312 0.4985632184 0.0378071834 0.0775862069
2 0.3780718336 0.4995210728 0.0289855072 0.0593869732
2 0.4032766226 0.5000000000 0.0214240706 0.0536398467
