1 0.0358363725 0.5033947825 0.0233991761 0.0302305054
4 0.0558985509 0.5028430223 0.0134744523 0.0309392810
4 0.8626911640 0.5291662812 0.0423699282 0.1347308308
4 0.8342785129 0.5186781609 0.0258349086 0.0876436782
0 0.4278512917 0.5191570881 0.0126023945 0.0100574713
1 0.2986767486 0.6882183908 0.4020163831 0.3975095785
1 0.0957781979 0.5057471264 0.0245746692 0.0229885057
1 0.0081915564 0.5445402299 0.0163831128 0.0608237548
2 0.1442974165 0.5043103448 0.0258349086 0.0440613027
4 0.1121613106 0.5019157088 0.0144927536 0.0287356322
1 0.9631379962 0.5560344828 0.0737240076 0.1163793103
