2 0.3377441714 0.4952107280 0.1392564587 0.2744252874
2 0.4757403907 0.4976053640 0.0289855072 0.0761494253
2 0.6288594833 0.4899425287 0.1789540013 0.3386015326
0 0.2123503466 0.5368773946 0.0233144297 0.0167624521
2 0.4467548834 0.5014367816 0.0302457467 0.0608237548
1 0.5548321009 0.5206488371 0.0302169118 0.0299207978
1 0.0504095778 0.5818965517 0.0982986767 0.1925287356
3 0.3667296786 0.6000957854 0.6137366100 0.0737547893
1 0.1657214871 0.6360153257 0.2281033396 0.3017241379
4 0.4108380592 0.5081417625 0.0119722747 0.0287356322
