4 0.2476837337 0.5055646300 0.0180605631 0.0323098339
4 0.3168466687 0.5064514875 0.0180972498 0.0313488916
2 0.5828179121 0.5022162795 0.0503873639 0.0883483961
1 0.7414206266 0.6210232377 0.1955886036 0.2413679957
0 0.2721558768 0.5293836598 0.0175989943 0.0138557095
2 0.3953488372 0.4997611085 0.1099937146 0.2900143335
2 0.5097423004 0.4945054945 0.0226272784 0.0286669852
1 0.5103708360 0.5131390349 0.0282840981 0.0272336359
2 0.5361407920 0.5031055901 0.0270270270 0.0453893932
2 0.6549340038 0.4997611085 0.0383406662 0.0568561873
0 0.6675047140 0.5265169613 0.0163419233 0.0119445772
