1 0.4656737745 0.5271972418 0.0469710641 0.0541521050
2 0.7473287241 0.4873387482 0.2143306097 0.4075489728
1 0.3928346952 0.5891065456 0.1583909491 0.1939799331
2 0.6379635449 0.5035833731 0.0886235072 0.1318681319
2 0.3865493400 0.4825609173 0.0333123821 0.0272336359
2 0.2212445003 0.4978499761 0.0339409177 0.0544672719
2 0.0389692018 0.4916387960 0.0351979887 0.0630673674
2 0.0930232558 0.4988055423 0.0257699560 0.0525561395
2 0.1521055940 0.4873387482 0.0219987429 0.0262780698
1 0.5575109994 0.5183946488 0.0238843495 0.0320114668
1 0.5053425519 0.5164835165 0.0263984915 0.0296225514
