2 0.4913711548 0.5004460812 0.0317698345 0.0580787212
3 0.4404536862 0.5842911877 0.8809073724 0.0881226054
1 0.3106490233 0.6269157088 0.2255828607 0.2768199234
1 0.7240075614 0.6748084291 0.3068683050 0.3591954023
2 0.8865784499 0.4971264368 0.1512287335 0.3108237548
2 0.6294896030 0.4980842912 0.1594202899 0.2988505747
2 0.5280403277 0.4985632184 0.0415879017 0.0756704981
2 0.6962822936 0.5100574713 0.0321361059 0.0469348659
1 0.0945179584 0.5363984674 0.0856962823 0.0933908046
1 0.2028985507 0.5354406130 0.0982986767 0.1015325670
0 0.2892249527 0.5421455939 0.0163831128 0.0143678161
4 0.4410838059 0.5067049808 0.0151228733 0.0301724138
4 0.4095778198 0.5158045977 0.0352867045 0.0795019157
