1 0.7368784547 0.5320967436 0.0478691682 0.0561630912
4 0.9264481664 0.5199623704 0.0273409169 0.0797218904
1 0.5709510446 0.5990189314 0.1614823341 0.1954096556
2 0.2388434947 0.4964166269 0.1986172219 0.3000477783
2 0.2338152106 0.4973721930 0.0496543055 0.1084567606
0 0.2765556254 0.5279503106 0.0157133878 0.0124223602
2 0.3802639849 0.5021500239 0.0270270270 0.0568561873
2 0.3224387178 0.4992833254 0.0370835952 0.0592451027
2 0.4638592080 0.5016722408 0.0276555625 0.0520783564
2 0.6913890635 0.5031055901 0.0364550597 0.0649784998
2 0.8881206788 0.5059722886 0.0703959774 0.1371237458
2 0.9655876807 0.4868609651 0.0688246386 0.4085045389
