2 0.0384373031 0.4798850575 0.0768746062 0.2562260536
2 0.1959672338 0.4899425287 0.0516698173 0.0680076628
0 0.1928166352 0.4885057471 0.0207939509 0.0148467433
2 0.4700693132 0.4664750958 0.0567107750 0.0680076628
2 0.7013232514 0.4932950192 0.0346565848 0.0498084291
1 0.0995589162 0.5383141762 0.0737240076 0.0866858238
1 0.1864440143 0.5359517336 0.0729434118 0.0707973316
1 0.5626969124 0.5354406130 0.0598613737 0.0680076628
0 0.6767485822 0.5320881226 0.0163831128 0.0138888889
1 0.6597697139 0.5203254223 0.0322961509 0.0362490229
1 0.7088846881 0.5383141762 0.0592312539 0.0737547893
1 0.8273471960 0.5162835249 0.0214240706 0.0249042146
2 0.7926906112 0.5071839080 0.0264650284 0.0478927203
4 0.8753365278 0.5140274167 0.0132013848 0.0294066649
4 0.9334855676 0.5140127540 0.0126609756 0.0315989330
1 0.9140447378 0.5198245645 0.0216772407 0.0244833883
2 0.9845349193 0.5128372908 0.0295846947 0.0535196625
1 0.4124768674 0.6710213423 0.3509494662 0.3545012176
3 0.1442065491 0.5662996649 0.2865239295 0.0488271900
