2 0.0127599244 0.4827586207 0.0255198488 0.0392720307
2 0.4517958412 0.4966475096 0.0371770636 0.0555555556
1 0.0195337114 0.5191570881 0.0333963453 0.0526819923
1 0.0560806553 0.5201149425 0.0396975425 0.0550766284
2 0.1524889729 0.5004789272 0.1701323251 0.3342911877
2 0.3824826717 0.5009578544 0.0390674228 0.0847701149
4 0.6051610708 0.5249825716 0.0413821377 0.1247946769
4 0.8834278513 0.5268199234 0.0378071834 0.1139846743
1 0.2678008822 0.5684865900 0.1279143037 0.1590038314
1 0.9358853182 0.6968390805 0.1282293636 0.2777777778
2 0.3249528598 0.4978499761 0.0157133878 0.0549450549
2 0.3394091766 0.4988055423 0.0169704588 0.0563784042
2 0.3582652420 0.4997611085 0.0226272784 0.0559006211
