2 0.8555078684 0.4839586732 0.0429184549 0.0984230560
2 0.9034334764 0.4980967917 0.0522174535 0.0788471996
4 0.0560978986 0.5046925545 0.0235199928 0.0660788789
4 0.1766809728 0.5035345296 0.0250357654 0.0636215334
0 0.2768240343 0.5084284937 0.0178826896 0.0135943448
1 0.4789378643 0.5202401280 0.0575480647 0.0654385835
1 0.5952687263 0.5112729073 0.0425224863 0.0433761925
1 0.8297567954 0.5187601958 0.0536480687 0.0489396411
1 0.5479256080 0.5073409462 0.0343347639 0.0473083197
1 0.5722460658 0.5089722675 0.0350500715 0.0440456770
