4 0.1189788058 0.4991754889 0.0225631874 0.0502535552
2 0.4593842626 0.4893121123 0.0262335297 0.0345503688
2 0.5428869724 0.4845033884 0.0385151021 0.0643096790
2 0.5936064720 0.4824555516 0.0327633470 0.0711917877
4 0.0132952780 0.5005981922 0.0212919954 0.0527293608
1 0.0537240915 0.5245634317 0.0576299876 0.0777525231
2 0.6238938053 0.4812680115 0.0404551201 0.0782901057
2 0.6561314791 0.4851104707 0.0328697851 0.0758885687
2 0.6858407080 0.4803073967 0.0423514539 0.0854947166
2 0.7250316056 0.4625360231 0.0398230088 0.0547550432
2 0.7572692794 0.4610951009 0.0442477876 0.0451488953
2 0.7945638432 0.4745437080 0.0670037927 0.1647454371
2 0.8697850822 0.4721421710 0.0834386852 0.1618635927
3 0.5221238938 0.5201729107 0.2781289507 0.0249759846
