2 0.4895562530 0.4845774770 0.0549884997 0.0835263357
3 0.4770420790 0.5407891870 0.6595709324 0.0315331295
1 0.7024073005 0.5127980709 0.0570100620 0.0664328337
1 0.7659219503 0.5136668086 0.0458680540 0.0598901920
0 0.2099225372 0.7293567657 0.1149302796 0.0813376531
2 0.1554993679 0.4798270893 0.0410872314 0.1268011527
2 0.1953223767 0.4836695485 0.0562579014 0.1258405379
2 0.3015170670 0.4855907781 0.0474083439 0.0922190202
2 0.8318584071 0.4812680115 0.0568900126 0.1061479347
1 0.3520859671 0.5192122959 0.0524652339 0.0542747358
1 0.5764854614 0.5129682997 0.0524652339 0.0614793468
1 0.6599241466 0.5124879923 0.0493046776 0.0624399616
