2 0.3320763707 0.4832921624 0.0246365294 0.0592814125
4 0.4979152977 0.4940758944 0.0164882950 0.0388550833
1 0.5380250216 0.4990825951 0.0299135353 0.0273010936
4 0.5782654881 0.4948628545 0.0157050453 0.0379573852
0 0.4474589825 0.5037044287 0.0343728289 0.0406390205
1 0.4475556612 0.5034720898 0.0342420042 0.0396249332
1 0.7468700409 0.5064986944 0.0428946726 0.0526313819
0 0.4490322581 0.5183913683 0.0180645161 0.0147130947
1 0.1735483871 0.5056400196 0.0245161290 0.0333496812
1 0.2045161290 0.5036782737 0.0270967742 0.0348209907
1 0.2200000000 0.5002452182 0.0200000000 0.0259931339
1 0.2387096774 0.4987739088 0.0167741935 0.0294261893
2 0.2780645161 0.4840608141 0.0251612903 0.0622854340
2 0.2961290323 0.4835703776 0.0212903226 0.0549288867
2 0.3154838710 0.4855321236 0.0225806452 0.0524767043
2 0.3529032258 0.4865129966 0.0238709677 0.0549288867
2 0.4412903226 0.4830799411 0.0309677419 0.0514958313
2 0.9796774194 0.4879843060 0.0406451613 0.0500245218
