2 0.2941935484 0.4816086317 0.0270967742 0.0564001962
2 0.3470967742 0.4816086317 0.0193548387 0.0539480137
2 0.3303225806 0.4835703776 0.0187096774 0.0490436488
2 0.3129032258 0.4825895047 0.0219354839 0.0529671408
2 0.3677419355 0.4840608141 0.0212903226 0.0510053948
2 0.4754838710 0.4840608141 0.0245161290 0.0465914664
4 0.5078696012 0.4919008315 0.0157052372 0.0392682850
1 0.5281056762 0.4967029691 0.0241731498 0.0261001308
4 0.5865952969 0.4918125868 0.0163259562 0.0380657837
1 0.6523133516 0.4973017573 0.0327970721 0.0335858949
2 0.7592309117 0.4851521552 0.0221641697 0.0429477207
2 0.9780645161 0.4938695439 0.0425806452 0.0465914664
0 0.5045161290 0.5051495831 0.0135483871 0.0107896027
1 0.6818210483 0.5089750290 0.0468898974 0.0601797402
1 0.1948387097 0.4987739088 0.0251612903 0.0328592447
1 0.2219354839 0.4977930358 0.0238709677 0.0308974988
1 0.2335483871 0.4977930358 0.0212903226 0.0259931339
1 0.2458064516 0.4968121628 0.0200000000 0.0230505150
1 0.2587096774 0.4953408534 0.0187096774 0.0289357528
