2 0.0716129032 0.4776851398 0.0238709677 0.0666993624
2 0.1458064516 0.4771947033 0.0329032258 0.0706228543
2 0.1019354839 0.4835703776 0.0245161290 0.0554193232
2 0.2574193548 0.4830799411 0.0277419355 0.0436488475
2 0.3032258065 0.4840608141 0.0200000000 0.0490436488
4 0.8494765759 0.4959428906 0.0187309477 0.0422693603
1 0.6135483871 0.5394801373 0.0987096774 0.1221186856
1 0.9177530408 0.5251051784 0.0688038990 0.0813925266
1 0.9951304793 0.5208317041 0.0097390413 0.0722547323
0 0.6266869307 0.6234828830 0.0685118660 0.0512037762
4 0.7548387097 0.4963217263 0.0206451613 0.0397253556
