0 0.5015752993 0.4214559387 0.0239445495 0.0196360153
2 0.2923755514 0.4952107280 0.0220541903 0.0225095785
1 0.2268431002 0.5186781609 0.0239445495 0.0306513410
4 0.2942659105 0.5095785441 0.0107120353 0.0330459770
1 0.2545683680 0.5565134100 0.0838059231 0.1053639847
1 0.3371140517 0.5138888889 0.0239445495 0.0210727969
1 0.3654694392 0.5210727969 0.0283553875 0.0340038314
1 0.3982356648 0.5272988506 0.0403276623 0.0536398467
4 0.3711405167 0.5100574713 0.0144927536 0.0316091954
2 0.4234404537 0.5033524904 0.0195337114 0.0392720307
1 0.4782608696 0.5320881226 0.0529300567 0.0608237548
1 0.5318210460 0.5373563218 0.0579710145 0.0689655172
1 0.6011342155 0.5483716475 0.0756143667 0.1015325670
2 0.8481411468 0.5038314176 0.0321361059 0.0713601533
3 0.0637658228 0.5339105339 0.1275316456 0.0274170274
