4 0.0176322418 0.5112494016 0.0144836272 0.0507419818
4 0.1246851385 0.5122067975 0.0132241814 0.0478697942
1 0.0761964736 0.5184298708 0.0321158690 0.0320727621
1 0.2386649874 0.5236955481 0.0327455919 0.0426041168
1 0.2632241814 0.5318334131 0.0472292191 0.0497845859
1 0.4200251889 0.5481091431 0.0724181360 0.0933460986
1 0.5214105793 0.5586404978 0.0913098237 0.1101005266
1 0.6505037783 0.5634274773 0.1013853904 0.1220679751
0 0.5894206549 0.5165150790 0.0377833753 0.0325514600
2 0.7600755668 0.5059837243 0.0510075567 0.0933460986
2 0.8860201511 0.5011967449 0.0415617128 0.0919100048
2 0.9565491184 0.4844423169 0.0365239295 0.0406893250
2 0.1404282116 0.4988032551 0.0270780856 0.0493058880
2 0.0176322418 0.4892292963 0.0226700252 0.0325514600
2 0.2103274559 0.5026328387 0.0283375315 0.0493058880
