0 0.4263224181 0.4442316898 0.0440806045 0.0354236477
4 0.5289672544 0.4844423169 0.0295969773 0.0359023456
4 0.6442065491 0.4906653901 0.0157430730 0.0220201053
1 0.5856423174 0.6314025850 0.2468513854 0.2680708473
1 0.6807304786 0.5639061752 0.1039042821 0.1287697463
1 0.8192695214 0.5256103399 0.0396725441 0.0430828147
2 0.7392947103 0.5040689325 0.0340050378 0.0564863571
2 0.7808564232 0.5045476304 0.0258186398 0.0502632839
2 0.3715365239 0.4638583054 0.0472292191 0.0426041168
2 0.8954659950 0.4968884634 0.0289672544 0.0292005744
2 0.9168765743 0.4968884634 0.0245591940 0.0306366683
