2 0.8752362949 0.4985632184 0.0283553875 0.0775862069
1 0.0214240706 0.5272988506 0.0352867045 0.0488505747
1 0.0415879017 0.5225095785 0.0289855072 0.0368773946
1 0.1071203529 0.5196360153 0.0327662256 0.0435823755
1 0.2274732199 0.5119731801 0.0220541903 0.0205938697
4 0.1921865154 0.5100574713 0.0126023945 0.0301724138
4 0.2558286074 0.5000000000 0.0107120353 0.0114942529
1 0.2596093258 0.5397509579 0.0630119723 0.0775862069
1 0.2898550725 0.5229885057 0.0327662256 0.0431034483
1 0.4965343415 0.5263409962 0.0321361059 0.0330459770
0 0.4845620668 0.5210727969 0.0189035917 0.0143678161
1 0.5582860744 0.5545977011 0.0838059231 0.1125478927
2 0.8147448015 0.5023946360 0.0252047889 0.0699233716
2 0.8015122873 0.5009578544 0.0239445495 0.0718390805
2 0.8468809074 0.5004789272 0.0283553875 0.0747126437
2 0.9187145558 0.5004789272 0.0390674228 0.0814176245
2 0.9533711405 0.5000000000 0.0321361059 0.0814176245
3 0.8767405063 0.5468975469 0.2465189873 0.0317460317
