3 0.4269521411 0.5380564864 0.0736775819 0.0253709909
0 0.5113350126 0.5734801340 0.0176322418 0.0129248444
4 0.7751889169 0.5136428913 0.0157430730 0.0406893250
4 0.8633501259 0.5141215893 0.0132241814 0.0402106271
1 0.8954659950 0.5232168502 0.0277078086 0.0287218765
2 0.9552896725 0.5102920057 0.0352644836 0.0320727621
2 0.5075566751 0.5007180469 0.0403022670 0.0665390139
2 0.2437027708 0.4782192437 0.0428211587 0.0651029201
2 0.2651133501 0.4791766395 0.0377833753 0.0488271900
2 0.2884130982 0.4892292963 0.0277078086 0.0507419818
2 0.1914357683 0.4892292963 0.0516372796 0.0512206798
2 0.1177581864 0.4959310675 0.0629722922 0.0507419818
2 0.0390428212 0.4968884634 0.0560453401 0.0516993777
1 0.2430730479 0.5849688846 0.1637279597 0.1617999043
1 0.4760705290 0.5471517472 0.0730478589 0.0871230254
1 0.5610831234 0.5753949258 0.1429471033 0.1455241742
