4 0.7914303718 0.5162835249 0.0144927536 0.0469348659
4 0.6868304978 0.5081417625 0.0151228733 0.0301724138
1 0.7366099559 0.5201149425 0.0239445495 0.0311302682
1 0.7151858853 0.5263409962 0.0302457467 0.0407088123
1 0.9300567108 0.5277777778 0.0283553875 0.0407088123
1 0.9445494644 0.5387931034 0.0459987398 0.0627394636
1 0.6899810964 0.5359195402 0.0529300567 0.0660919540
0 0.6086956522 0.5057471264 0.0239445495 0.0191570881
1 0.5595463138 0.5450191571 0.0699432892 0.0838122605
1 0.2614996849 0.5651340996 0.0970384373 0.1216475096
2 0.0831758034 0.5057471264 0.0441083806 0.1063218391
2 0.0378071834 0.5019157088 0.0491493384 0.0991379310
