2 0.8551637280 0.4868358066 0.0314861461 0.0497845859
1 0.1681360202 0.5323121111 0.0459697733 0.0593585448
4 0.3431989924 0.5102920057 0.0094458438 0.0282431786
1 0.3570528967 0.5146002872 0.0170025189 0.0205840115
1 0.3954659950 0.5136428913 0.0226700252 0.0186692197
4 0.4093198992 0.5098133078 0.0107052897 0.0296792724
0 0.5327455919 0.5514600287 0.0207808564 0.0292005744
1 0.6731738035 0.5653422690 0.1001259446 0.1249401628
2 0.6429471033 0.5031115366 0.0314861461 0.0651029201
2 0.8841309824 0.5026328387 0.0340050378 0.1000478698
2 0.9628463476 0.5031115366 0.0396725441 0.1086644327
2 0.9263224181 0.5016754428 0.0358942065 0.1091431307
1 0.0856423174 0.5706079464 0.1039042821 0.1450454763
1 0.2348866499 0.6290090953 0.2071788413 0.2709430349
1 0.5088161209 0.5777884155 0.1316120907 0.1594064146
3 0.9181962025 0.5738335738 0.1636075949 0.0355940356
1 0.0584068010 0.7486835807 0.1168136020 0.2426998564
