2 0.2841839950 0.5038314176 0.0245746692 0.0589080460
1 0.3579080025 0.5627394636 0.0989287965 0.1278735632
2 0.6326402016 0.5033524904 0.0321361059 0.0598659004
2 0.5942028986 0.5043103448 0.0201638311 0.0636973180
2 0.5809703844 0.5057471264 0.0170132325 0.0622605364
2 0.6798991808 0.5033524904 0.0302457467 0.0603448276
2 0.6553245117 0.5038314176 0.0220541903 0.0603448276
2 0.7385003151 0.5028735632 0.0264650284 0.0550766284
2 0.7069943289 0.5023946360 0.0327662256 0.0632183908
2 0.7693761815 0.5052681992 0.0308758664 0.0603448276
1 0.8777567738 0.5632183908 0.0907372401 0.1245210728
1 0.1918714556 0.7459291188 0.3837429112 0.5081417625
0 0.2274732199 0.7911877395 0.0693131695 0.0440613027
3 0.7784810127 0.5396825397 0.3746835443 0.0115440115
