2 0.1505037783 0.4820488272 0.0428211587 0.0536141695
2 0.2197732997 0.4853997128 0.0358942065 0.0478697942
2 0.2462216625 0.4858784107 0.0270780856 0.0459550024
2 0.2707808564 0.4877932025 0.0270780856 0.0406893250
2 0.3003778338 0.4844423169 0.0289672544 0.0392532312
2 0.5062972292 0.4935375778 0.0245591940 0.0512206798
0 0.6505037783 0.4734322642 0.0226700252 0.0167544280
1 0.4464735516 0.5289612255 0.0434508816 0.0540928674
3 0.4734177215 0.5343915344 0.1670886076 0.0158730159
1 0.5062972292 0.5313547152 0.0648614610 0.0622307324
1 0.5692695214 0.5241742461 0.0434508816 0.0459550024
1 0.6070528967 0.5409286740 0.0617128463 0.0540928674
4 0.8753148615 0.5141215893 0.0157430730 0.0488271900
1 0.9905541562 0.5347056008 0.0188916877 0.0445189086
1 0.9793765743 0.5236955481 0.0412468514 0.0335088559
4 0.9861460957 0.5011967449 0.0157430730 0.0248922930
2 0.0924050633 0.4862914863 0.0316455696 0.0490620491
