1 0.0270951481 0.5340038314 0.0415879017 0.0665708812
4 0.2003780718 0.5124521073 0.0119722747 0.0306513410
4 0.2678008822 0.5004789272 0.0126023945 0.0105363985
1 0.2375551355 0.5134099617 0.0220541903 0.0196360153
1 0.2684310019 0.5191570881 0.0258349086 0.0301724138
1 0.4316320101 0.5296934866 0.0378071834 0.0627394636
1 0.4562066793 0.5431034483 0.0630119723 0.0833333333
1 0.5103969754 0.5272988506 0.0359168242 0.0344827586
0 0.6263390044 0.5335249042 0.0548204159 0.0392720307
1 0.3465658475 0.5761494253 0.1140516698 0.1518199234
3 0.8893987342 0.5468975469 0.2212025316 0.0230880231
