2 0.1298046629 0.5023946360 0.0352867045 0.0862068966
1 0.3463476071 0.5241742461 0.0421914358 0.0454763045
0 0.5434508816 0.5323121111 0.0113350126 0.0119674485
1 0.5528967254 0.5217807563 0.0258186398 0.0296792724
1 0.5239294710 0.5189085687 0.0308564232 0.0315940641
1 0.5302267003 0.5323121111 0.0447103275 0.0488271900
4 0.6700251889 0.5102920057 0.0075566751 0.0296792724
4 0.7374055416 0.5045476304 0.0081863980 0.0167544280
1 0.7002518892 0.5136428913 0.0214105793 0.0172331259
1 0.7411838791 0.5184298708 0.0207808564 0.0186692197
1 0.7682619647 0.5189085687 0.0201511335 0.0201053135
1 0.8230478589 0.5246529440 0.0314861461 0.0406893250
3 0.1319620253 0.5406445406 0.2639240506 0.0216450216
