1 0.2947103275 0.5251316419 0.0340050378 0.0330301580
1 0.4219143577 0.5203446625 0.0396725441 0.0397319292
1 0.4376574307 0.5189085687 0.0340050378 0.0373384394
1 0.4943324937 0.5174724749 0.0346347607 0.0320727621
1 0.5346347607 0.5294399234 0.0396725441 0.0493058880
4 0.5736775819 0.5112494016 0.0119647355 0.0320727621
4 0.6448362720 0.5102920057 0.0132241814 0.0320727621
1 0.5969773300 0.5155576831 0.0239294710 0.0210627094
1 0.6763224181 0.5193872666 0.0195214106 0.0181905218
2 0.6939546599 0.5050263284 0.0176322418 0.0363810436
2 0.9042821159 0.5059837243 0.0283375315 0.0612733365
2 0.3318639798 0.5050263284 0.0214105793 0.0459550024
2 0.0743073048 0.4973671613 0.0277078086 0.0421254189
0 0.4609571788 0.4954523696 0.0138539043 0.0110100527
