4 0.2564587272 0.5129310345 0.0245746692 0.0622605364
4 0.1184625079 0.4909003831 0.0163831128 0.0196360153
0 0.0333963453 0.4851532567 0.0390674228 0.0335249042
1 0.1209829868 0.5483716475 0.0724637681 0.0895593870
1 0.1304347826 0.5244252874 0.0434782609 0.0469348659
1 0.2274732199 0.5201149425 0.0447385003 0.0426245211
1 0.3056080655 0.5363984674 0.0560806553 0.0632183908
2 0.4228103340 0.4952107280 0.0390674228 0.0670498084
2 0.4965343415 0.5062260536 0.0415879017 0.0478927203
2 0.5816005041 0.5148467433 0.0333963453 0.0263409962
2 0.9243856333 0.5014367816 0.0560806553 0.1599616858
2 0.2873345936 0.4995210728 0.0352867045 0.0718390805
