0 0.5869017632 0.4782192437 0.0144836272 0.0119674485
2 0.2833753149 0.5021541407 0.0327455919 0.0598372427
1 0.4609571788 0.5251316419 0.0352644836 0.0411680230
1 0.5497481108 0.5260890378 0.0358942065 0.0382958353
1 0.5056675063 0.5236955481 0.0510075567 0.0488271900
1 0.5982367758 0.5370990905 0.0598236776 0.0631881283
4 0.6341309824 0.5083772140 0.0138539043 0.0354236477
4 0.7128463476 0.5002393490 0.0100755668 0.0172331259
1 0.7078085642 0.5126854955 0.0270780856 0.0258496888
2 0.7581863980 0.5007180469 0.0157430730 0.0382958353
2 0.8205289673 0.5074198181 0.0220403023 0.0292005744
3 0.0661392405 0.5435305435 0.1322784810 0.0192400192
