4 0.8595717884 0.5155576831 0.0170025189 0.0483484921
4 0.7544080605 0.5165150790 0.0138539043 0.0459550024
1 0.8916876574 0.5270464337 0.0352644836 0.0435615127
1 0.7764483627 0.5208233605 0.0321158690 0.0277644806
1 0.7827455919 0.5394925802 0.0579345088 0.0684538056
0 0.4729219144 0.5835327908 0.0239294710 0.0296792724
1 0.4842569270 0.5514600287 0.0705289673 0.0938247966
1 0.4282115869 0.5552896123 0.0818639798 0.0995691719
1 0.2518891688 0.5887984682 0.1353904282 0.1704164672
2 0.1523929471 0.5055050263 0.0365239295 0.0842508377
2 0.0976070529 0.4997606510 0.0459697733 0.0971756821
