4 0.0207808564 0.5131641934 0.0138539043 0.0454763045
1 0.1335012594 0.5241742461 0.0302267003 0.0402106271
1 0.3054156171 0.5318334131 0.0478589421 0.0560076592
1 0.2008816121 0.5356629966 0.0510075567 0.0636668262
0 0.4275818640 0.5136428913 0.0277078086 0.0215414074
1 0.4112090680 0.5442795596 0.0680100756 0.0804212542
1 0.6290931990 0.5528961225 0.0831234257 0.0966969842
2 0.6309823678 0.4844423169 0.0528967254 0.0502632839
2 0.7279596977 0.4988032551 0.0333753149 0.0871230254
2 0.8066750630 0.5040689325 0.0415617128 0.0770703686
2 0.1001259446 0.5045476304 0.0277078086 0.0483484921
2 0.0308564232 0.5050263284 0.0245591940 0.0545715653
