2 0.5056675063 0.4542843466 0.0560453401 0.0574437530
2 0.6612090680 0.4696026807 0.0295969773 0.0416467209
2 0.8394206549 0.4858784107 0.0295969773 0.0387745333
2 0.8979848866 0.4906653901 0.0239294710 0.0306366683
2 0.9225440806 0.4906653901 0.0264483627 0.0325514600
4 0.7411838791 0.5318334131 0.0421914358 0.1426519866
4 0.8104534005 0.5208233605 0.0333753149 0.0899952130
1 0.8381612091 0.5552896123 0.0976070529 0.1010052657
1 0.9156171285 0.5461943514 0.0831234257 0.0813786501
0 0.0163727960 0.5782671135 0.0321158690 0.0196266156
0 0.7178841310 0.5490665390 0.0396725441 0.0292005744
