2 0.9608070850 0.5022921562 0.0438756794 0.0984679013
2 0.0415617128 0.5050263284 0.0251889169 0.0646242221
2 0.1234256927 0.5040689325 0.0302267003 0.0593585448
4 0.4219143577 0.5098133078 0.0138539043 0.0306366683
4 0.4924433249 0.4997606510 0.0100755668 0.0129248444
0 0.5050377834 0.5366203925 0.0107052897 0.0124461465
1 0.2632241814 0.5193872666 0.0333753149 0.0311153662
1 0.3387909320 0.5289612255 0.0327455919 0.0344662518
1 0.3658690176 0.5260890378 0.0415617128 0.0473910962
1 0.4899244332 0.5337482049 0.0522670025 0.0636668262
1 0.4785894207 0.5141215893 0.0176322418 0.0205840115
1 0.5686397985 0.5270464337 0.0516372796 0.0488271900
1 0.6977329975 0.5327908090 0.0541561713 0.0631881283
3 0.7348866499 0.5270464337 0.1643576826 0.0177118238
