2 0.4439546599 0.4964097654 0.0314861461 0.0483484921
1 0.4193954660 0.5356629966 0.0743073048 0.0679751077
1 0.7254408060 0.5303973193 0.0371536524 0.0359023456
4 0.8312342569 0.5112494016 0.0170025189 0.0311153662
1 0.8891687657 0.5165150790 0.0258186398 0.0244135950
4 0.9036523929 0.5136428913 0.0119647355 0.0339875539
1 0.1442065491 0.5720440402 0.0938287154 0.0938247966
1 0.6347607053 0.6620392532 0.2468513854 0.3389181427
0 0.1158690176 0.9569171853 0.1630982368 0.0861656295
2 0.1146095718 0.5002393490 0.0314861461 0.0545715653
