4 0.0819155640 0.5124521073 0.0138626339 0.0483716475
1 0.0592312539 0.5186781609 0.0359168242 0.0320881226
1 0.1701323251 0.5464559387 0.0680529301 0.0909961686
0 0.5211090107 0.4971264368 0.0245746692 0.0191570881
1 0.4984247007 0.5483716475 0.0775047259 0.0953065134
1 0.6124763705 0.5574712644 0.0913673598 0.1135057471
1 0.7347195967 0.5665708812 0.1096408318 0.1317049808
1 0.3843730309 0.6446360153 0.2047889099 0.2935823755
2 0.8512917454 0.5043103448 0.0478890989 0.0857279693
2 0.7605545054 0.4976053640 0.0340264650 0.0799808429
