4 0.4603274559 0.4820488272 0.0314861461 0.0368597415
4 0.5686397985 0.5078985160 0.0251889169 0.0651029201
1 0.5018891688 0.5940641455 0.1952141058 0.1910004787
0 0.3476070529 0.4791766395 0.0302267003 0.0248922930
2 0.2651133501 0.4571565342 0.0591939547 0.0521780756
2 0.6404282116 0.4944949737 0.0327455919 0.0430828147
2 0.6882871537 0.4892292963 0.0333753149 0.0292005744
2 0.7090680101 0.4940162757 0.0214105793 0.0445189086
2 0.8085642317 0.4925801819 0.0264483627 0.0277644806
2 0.8293450882 0.4930588798 0.0188916877 0.0287218765
2 0.9118387909 0.4925801819 0.0264483627 0.0311153662
2 0.8658690176 0.4901866922 0.0182619647 0.0277644806
2 0.8803526448 0.4892292963 0.0182619647 0.0253709909
2 0.9489924433 0.5021541407 0.0232997481 0.0210627094
1 0.7506297229 0.5495452370 0.1026448363 0.0990904739
1 0.6605793451 0.5471517472 0.1020151134 0.0895165151
