2 0.6901763224 0.4877932025 0.0453400504 0.0531354715
2 0.8639798489 0.4528482528 0.0472292191 0.0445189086
2 0.9647355164 0.4849210148 0.0484886650 0.0665390139
2 0.9231738035 0.4490186692 0.0510075567 0.0593585448
2 0.9888224181 0.4466251795 0.0223551637 0.0607946386
1 0.1763224181 0.5165150790 0.0201511335 0.0296792724
4 0.1977329975 0.5102920057 0.0144836272 0.0392532312
4 0.2840050378 0.5112494016 0.0163727960 0.0392532312
1 0.2625944584 0.5141215893 0.0283375315 0.0263283868
1 0.4534005038 0.5399712781 0.0648614610 0.0789851604
2 0.5982367758 0.5011967449 0.0396725441 0.0804212542
1 0.5856423174 0.5481091431 0.0673803526 0.0823360460
1 0.4924433249 0.5777884155 0.0831234257 0.1594064146
0 0.5843828715 0.5763523217 0.0352644836 0.0277644806
1 0.5484886650 0.6644327429 0.2329974811 0.3346098612
3 0.6493670886 0.5425685426 0.0917721519 0.0322270322
