4 0.6108312343 0.5141215893 0.0157430730 0.0521780756
4 0.7367758186 0.5150789852 0.0151133501 0.0521780756
0 0.7732997481 0.5179511728 0.0163727960 0.0134035424
3 0.1996221662 0.5380564864 0.2556675063 0.0277644806
2 0.2103274559 0.5050263284 0.0283375315 0.0775490665
1 0.1574307305 0.5404499761 0.0541561713 0.0756342748
1 0.3457178841 0.5414073719 0.0736775819 0.0813786501
1 0.4426952141 0.5361416946 0.0629722922 0.0612733365
1 0.7248110831 0.5327908090 0.0415617128 0.0502632839
1 0.6908060453 0.5222594543 0.0384130982 0.0363810436
2 0.8469773300 0.5136428913 0.0264483627 0.0382958353
2 0.8759445844 0.5136428913 0.0226700252 0.0387745333
