0 0.4291115312 0.4334291188 0.0245746692 0.0210727969
2 0.1745431632 0.5028735632 0.0264650284 0.0560344828
1 0.3276622558 0.5359195402 0.0567107750 0.0670498084
1 0.4196597353 0.5186781609 0.0245746692 0.0301724138
4 0.4959042218 0.5114942529 0.0138626339 0.0335249042
1 0.4776307498 0.5191570881 0.0239445495 0.0311302682
1 0.4625078765 0.5215517241 0.0333963453 0.0363984674
1 0.4335223693 0.5220306513 0.0296156270 0.0387931034
1 0.5311909263 0.5148467433 0.0239445495 0.0210727969
4 0.5746691871 0.5076628352 0.0138626339 0.0258620690
1 0.5809703844 0.5205938697 0.0296156270 0.0340038314
1 0.6477630750 0.5177203065 0.0258349086 0.0340038314
2 0.8399495904 0.5057471264 0.0365469439 0.0632183908
3 0.8487341772 0.5358345358 0.1803797468 0.0278980279
