0 0.4181360202 0.4988032551 0.0201511335 0.0138822403
2 0.3104534005 0.5026328387 0.0251889169 0.0445189086
1 0.4540302267 0.5155576831 0.0314861461 0.0272857827
4 0.5239294710 0.5107707037 0.0088161209 0.0301579703
1 0.5604534005 0.5208233605 0.0428211587 0.0392532312
1 0.5125944584 0.5241742461 0.0365239295 0.0344662518
1 0.5018891688 0.5299186213 0.0415617128 0.0392532312
4 0.5931989924 0.5088559119 0.0094458438 0.0311153662
1 0.5793450882 0.5126854955 0.0258186398 0.0220201053
2 0.6719143577 0.5074198181 0.0188916877 0.0248922930
2 0.6933249370 0.5074198181 0.0214105793 0.0244135950
2 0.9872481108 0.5069411202 0.0255037783 0.0756342748
