2 0.1297229219 0.4691239828 0.0459697733 0.0679751077
2 0.1763224181 0.4897079943 0.0453400504 0.0435615127
2 0.6593198992 0.4992819531 0.0207808564 0.0315940641
1 0.5440806045 0.5227381522 0.0377833753 0.0406893250
1 0.5566750630 0.5351842987 0.0447103275 0.0445189086
4 0.6278337531 0.5126854955 0.0201511335 0.0382958353
1 0.6675062972 0.5174724749 0.0283375315 0.0224988033
1 0.6939546599 0.5409286740 0.0554156171 0.0636668262
4 0.7109571788 0.5112494016 0.0201511335 0.0368597415
2 0.7493702771 0.5040689325 0.0245591940 0.0359023456
1 0.8853904282 0.5217807563 0.0289672544 0.0311153662
1 0.8335957179 0.7357587362 0.3328085642 0.4921014840
0 0.9755982368 0.9315461944 0.0488035264 0.0660603159
3 0.3531645570 0.5329485329 0.0841772152 0.0250120250
3 0.0219936709 0.6046176046 0.0439873418 0.0327080327
