2 0.2730263158 0.5092500000 0.0345394737 0.0577500000
1 0.3342105263 0.5327500000 0.0532894737 0.0587500000
0 0.3980263158 0.5125000000 0.0167763158 0.0125000000
4 0.5441919192 0.5148752399 0.0145202020 0.0446257198
1 0.6263561249 0.5211263895 0.0360585377 0.0332482383
4 0.6515151515 0.5158349328 0.0132575758 0.0475047985
1 0.7015113350 0.5222594543 0.0384130982 0.0344662518
1 0.7292191436 0.5289612255 0.0428211587 0.0478697942
1 0.7789672544 0.5294399234 0.0440806045 0.0493058880
1 0.9175062972 0.5457156534 0.0661209068 0.0516993777
3 0.9661392405 0.5387205387 0.0677215190 0.0221260221
2 0.9816455696 0.5055315055 0.0227848101 0.0557960558
