4 0.3312342569 0.5107707037 0.0119647355 0.0311153662
4 0.4030226700 0.5031115366 0.0107052897 0.0196266156
0 0.4760705290 0.5021541407 0.0176322418 0.0134035424
3 0.6517632242 0.5256103399 0.1769521411 0.0196266156
2 0.0258186398 0.5069411202 0.0308564232 0.0689325036
2 0.6580604534 0.5045476304 0.0333753149 0.0531354715
2 0.8948362720 0.4877932025 0.0283375315 0.0440402106
2 0.9716624685 0.4997606510 0.0302267003 0.0268070847
2 0.8677581864 0.4964097654 0.0258186398 0.0272857827
1 0.1492443325 0.5208233605 0.0283375315 0.0335088559
1 0.3929471033 0.5131641934 0.0201511335 0.0224988033
1 0.4068010076 0.5260890378 0.0277078086 0.0258496888
1 0.4269521411 0.5332695069 0.0428211587 0.0359023456
1 0.4244332494 0.5179511728 0.0390428212 0.0335088559
1 0.4722921914 0.5227381522 0.0327455919 0.0268070847
1 0.5075566751 0.5232168502 0.0377833753 0.0406893250
