2 0.1372795970 0.4992819531 0.0314861461 0.0832934418
2 0.1914357683 0.5035902346 0.0302267003 0.0746768789
2 0.0472292191 0.5059837243 0.0377833753 0.0703685974
0 0.4546599496 0.5643848731 0.0144836272 0.0196266156
4 0.7556675063 0.5083772140 0.0144836272 0.0378171374
4 0.8551637280 0.5126854955 0.0125944584 0.0473910962
1 0.7758186398 0.5169937769 0.0314861461 0.0292005744
1 0.7625944584 0.5347056008 0.0535264484 0.0665390139
1 0.9433249370 0.5270464337 0.0340050378 0.0382958353
1 0.4193954660 0.5428434658 0.0654911839 0.0794638583
1 0.4685138539 0.5390138822 0.0579345088 0.0780277645
1 0.3369017632 0.5533748205 0.0862720403 0.1139301101
1 0.2959697733 0.5385351843 0.0491183879 0.0698898995
