2 0.0111775819 0.4882719004 0.0223551637 0.0497845859
2 0.0906801008 0.4844423169 0.0434508816 0.0555289612
2 0.0358942065 0.4849210148 0.0358942065 0.0593585448
2 0.2034005038 0.4988032551 0.0358942065 0.0765916707
1 0.3570528967 0.5299186213 0.0459697733 0.0555289612
0 0.5648614610 0.5428434658 0.0151133501 0.0143609382
1 0.5818639798 0.5524174246 0.0793450882 0.0990904739
4 0.7537783375 0.5131641934 0.0157430730 0.0593585448
1 0.7965994962 0.5227381522 0.0396725441 0.0387745333
1 0.8576826196 0.5390138822 0.0610831234 0.0761129727
4 0.8960957179 0.5150789852 0.0182619647 0.0598372427
2 0.9855163728 0.5035902346 0.0270780856 0.0660603159
3 0.2917721519 0.5401635402 0.3500000000 0.0269360269
