2 0.9502518892 0.4858784107 0.0314861461 0.0555289612
1 0.2115869018 0.5481091431 0.0736775819 0.0885591192
1 0.2430730479 0.5342269028 0.0484886650 0.0584011489
1 0.3356423174 0.5160363810 0.0195214106 0.0220201053
4 0.3935768262 0.5117280996 0.0125944584 0.0296792724
4 0.4634760705 0.5117280996 0.0094458438 0.0306366683
1 0.4483627204 0.5146002872 0.0251889169 0.0201053135
1 0.4382871537 0.5572044040 0.0585642317 0.1072283389
1 0.5302267003 0.5481091431 0.0711586902 0.0928674007
2 0.6901763224 0.5050263284 0.0314861461 0.0651029201
0 0.7695214106 0.5165150790 0.0377833753 0.0292005744
2 0.9792191436 0.5050263284 0.0295969773 0.1081857348
1 0.4855163728 0.6261369076 0.1763224181 0.2498803255
3 0.9750000000 0.5704665705 0.0500000000 0.0197210197
