1 0.4360428481 0.5617816092 0.0970384373 0.1269157088
1 0.5274102079 0.5565134100 0.0856962823 0.1125478927
4 0.5866414619 0.5071839080 0.0107120353 0.0344827586
1 0.5935727788 0.5445402299 0.0768746062 0.0991379310
4 0.6918714556 0.5119731801 0.0132325142 0.0435823755
1 0.6357908003 0.5158045977 0.0321361059 0.0292145594
1 0.6660365469 0.5210727969 0.0296156270 0.0387931034
1 0.8298676749 0.5244252874 0.0359168242 0.0445402299
0 0.4864524260 0.5737547893 0.0327662256 0.0162835249
1 0.9659735350 0.5933908046 0.0680529301 0.1724137931
