4 0.7120352867 0.5124521073 0.0151228733 0.0474137931
4 0.8229363579 0.4985632184 0.0226843100 0.0181992337
1 0.7624448645 0.5201149425 0.0428481411 0.0349616858
1 0.7504725898 0.5296934866 0.0415879017 0.0402298851
1 0.7838689351 0.6278735632 0.2028985507 0.2562260536
0 0.3894139887 0.9686302682 0.1839949590 0.0627394636
1 0.3446754883 0.5244252874 0.0340264650 0.0392720307
1 0.2967863894 0.5325670498 0.0510396975 0.0560344828
1 0.5330812854 0.7464080460 0.4259609326 0.5071839080
2 0.9458097038 0.5033524904 0.0258349086 0.0627394636
