2 0.5982367758 0.4820488272 0.0314861461 0.0272857827
1 0.0831234257 0.5347056008 0.0497481108 0.0660603159
1 0.2777078086 0.5327908090 0.0629722922 0.0584011489
4 0.4382871537 0.5122067975 0.0188916877 0.0545715653
0 0.5297876596 0.5149783492 0.0543776006 0.0456591547
1 0.5554156171 0.5227381522 0.0503778338 0.0435615127
4 0.5818639798 0.5146002872 0.0214105793 0.0651029201
1 0.7487405542 0.5490665390 0.0856423174 0.0981330780
2 0.9760705290 0.5083772140 0.0245591940 0.0655816180
1 0.6630982368 0.6022020105 0.2015113350 0.2178075634
3 0.9400316456 0.5459355459 0.1199367089 0.0298220298
