1 0.0806045340 0.5270464337 0.0277078086 0.0315940641
1 0.1335012594 0.5375777884 0.0358942065 0.0339875539
4 0.2632241814 0.5131641934 0.0138539043 0.0349449497
4 0.3494962217 0.5126854955 0.0119647355 0.0359023456
2 0.3639798489 0.5045476304 0.0232997481 0.0449976065
1 0.3054156171 0.5184298708 0.0239294710 0.0244135950
2 0.4263224181 0.5040689325 0.0214105793 0.0354236477
1 0.4231738035 0.5476304452 0.0566750630 0.0550502633
1 0.4225440806 0.5280038296 0.0352644836 0.0406893250
1 0.4433249370 0.5222594543 0.0283375315 0.0320727621
1 0.5623425693 0.5624700814 0.0881612091 0.1191957875
2 0.9181360202 0.5002393490 0.0409319899 0.0990904739
1 0.4861460957 0.5677357587 0.0881612091 0.1278123504
0 0.5201511335 0.5801819052 0.0214105793 0.0105313547
