2 0.4316320101 0.4976053640 0.0201638311 0.0431034483
0 0.6105860113 0.4880268199 0.0302457467 0.0234674330
2 0.6672967864 0.4899425287 0.0226843100 0.0349616858
2 0.6880907372 0.4904214559 0.0277252678 0.0440613027
2 0.7221172023 0.4961685824 0.0277252678 0.0522030651
2 0.7586641462 0.4985632184 0.0289855072 0.0708812261
2 0.8966603655 0.4856321839 0.0270951481 0.0512452107
2 0.9413988658 0.4813218391 0.0283553875 0.0383141762
4 0.1272841840 0.5095785441 0.0107120353 0.0320881226
1 0.1209829868 0.5454980843 0.0680529301 0.0895593870
4 0.1940768746 0.5000000000 0.0107120353 0.0105363985
1 0.1745431632 0.5359195402 0.0579710145 0.0699233716
1 0.1947069943 0.5138888889 0.0163831128 0.0225095785
1 0.4303717706 0.5239463602 0.0315059861 0.0344827586
1 0.5179584121 0.5201149425 0.0327662256 0.0402298851
2 0.7416509137 0.5004789272 0.0170132325 0.0651340996
2 0.7977315690 0.5004789272 0.0289855072 0.0713601533
2 0.8229363579 0.5000000000 0.0245746692 0.0742337165
2 0.8550724638 0.5028735632 0.0333963453 0.0795019157
3 0.8436708861 0.5473785474 0.3126582278 0.0312650313
