4 0.4061712846 0.5155576831 0.0107052897 0.0397319292
4 0.4811083123 0.5021541407 0.0107052897 0.0110100527
1 0.4552896725 0.5141215893 0.0226700252 0.0229775012
1 0.4206549118 0.5222594543 0.0264483627 0.0191479177
1 0.3948362720 0.5275251316 0.0308564232 0.0282431786
1 0.2512594458 0.5452369555 0.0629722922 0.0741981809
1 0.4804785894 0.5222594543 0.0321158690 0.0282431786
2 0.4987405542 0.5040689325 0.0314861461 0.0464337003
2 0.3406801008 0.5059837243 0.0447103275 0.0703685974
2 0.5661209068 0.5083772140 0.0195214106 0.0239348971
2 0.5881612091 0.5093346099 0.0245591940 0.0248922930
0 0.4439546599 0.4605074198 0.0151133501 0.0119674485
2 0.9099496222 0.5055050263 0.0390428212 0.0808999521
