4 0.0950881612 0.4978458593 0.0107052897 0.0119674485
4 0.0220403023 0.5117280996 0.0144836272 0.0406893250
1 0.0929815546 0.5152952075 0.0247723330 0.0235995408
1 0.1989924433 0.5165150790 0.0251889169 0.0311153662
1 0.2750154436 0.5140307546 0.0327159762 0.0326163471
1 0.3589420655 0.5208233605 0.0472292191 0.0454763045
0 0.4974811083 0.5361416946 0.0138539043 0.0119674485
1 0.5176322418 0.5246529440 0.0390428212 0.0449976065
1 0.5957178841 0.5284825275 0.0403022670 0.0478697942
2 0.3772151899 0.5021645022 0.0240506329 0.0466570467
