2 0.4927536232 0.5090996169 0.0359168242 0.0627394636
2 0.8462507876 0.5028735632 0.0327662256 0.0727969349
0 0.4599873976 0.5205938697 0.0176433522 0.0148467433
1 0.1902961563 0.5344827586 0.0491493384 0.0574712644
1 0.2356647763 0.5478927203 0.0718336484 0.0881226054
1 0.3484562067 0.5277777778 0.0453686200 0.0565134100
1 0.4404536862 0.5272988506 0.0434782609 0.0493295019
1 0.5122873346 0.5268199234 0.0396975425 0.0469348659
2 0.1386263390 0.5129310345 0.0340264650 0.0421455939
2 0.0611216131 0.5047892720 0.0289855072 0.0656130268
2 0.8909892880 0.5062260536 0.0264650284 0.0598659004
