4 0.5705289673 0.4892292963 0.0157430730 0.0148396362
0 0.4483627204 0.4729535663 0.1127204030 0.0880804213
0 0.0151133501 0.5490665390 0.0170025189 0.0143609382
1 0.5824937028 0.6084250838 0.2078085642 0.2302537099
1 0.4527707809 0.5615126855 0.1146095718 0.1048348492
1 0.7732997481 0.5251316419 0.0560453401 0.0536141695
2 0.3198992443 0.4705600766 0.0377833753 0.0387745333
2 0.6580604534 0.5031115366 0.0346347607 0.0627094303
2 0.6863979849 0.5007180469 0.0170025189 0.0387745333
2 0.7531486146 0.4935375778 0.0277078086 0.0306366683
2 0.7279596977 0.4983245572 0.0245591940 0.0402106271
