4 0.6788413098 0.5122067975 0.0138539043 0.0296792724
1 0.6630982368 0.5146002872 0.0226700252 0.0205840115
1 0.6284634761 0.5165150790 0.0182619647 0.0210627094
1 0.5919395466 0.6055528961 0.1725440806 0.2197223552
1 0.9330919395 0.6529439923 0.1338161209 0.2991862135
0 0.3268261965 0.5911919579 0.0824937028 0.0636668262
1 0.0654911839 0.5390138822 0.0604534005 0.0813786501
1 0.2027707809 0.5308760172 0.0453400504 0.0478697942
1 0.2751889169 0.6055528961 0.1612090680 0.2130205840
2 0.8784634761 0.5074198181 0.0358942065 0.0651029201
