2 0.0698992443 0.5050263284 0.0295969773 0.0871230254
1 0.3438287154 0.5169937769 0.0358942065 0.0373384394
1 0.4319899244 0.5303973193 0.0472292191 0.0588798468
4 0.4704030227 0.5112494016 0.0113350126 0.0306366683
1 0.5270780856 0.5117280996 0.0314861461 0.0167544280
1 0.5239294710 0.5327908090 0.0503778338 0.0344662518
1 0.5472292191 0.5217807563 0.0321158690 0.0378171374
0 0.5491183879 0.5380564864 0.0144836272 0.0134035424
4 0.5428211587 0.5016754428 0.0100755668 0.0110100527
1 0.6693954660 0.5519387267 0.0806045340 0.0990904739
1 0.7071788413 0.5294399234 0.0415617128 0.0526567736
2 0.8589420655 0.5059837243 0.0258186398 0.0607946386
2 0.9710327456 0.5045476304 0.0302267003 0.0646242221
2 0.6151898734 0.5098605099 0.0215189873 0.0259740260
2 0.6373417722 0.5088985089 0.0221518987 0.0250120250
