4 0.2539382483 0.5105363985 0.0132325142 0.0296934866
4 0.3194706994 0.5100574713 0.0119722747 0.0287356322
1 0.3062381853 0.5138888889 0.0201638311 0.0201149425
1 0.0453686200 0.6719348659 0.0907372401 0.1949233716
0 0.4782608696 0.6360153257 0.0478890989 0.0469348659
1 0.4965343415 0.5632183908 0.0781348456 0.1264367816
1 0.5387523629 0.6542145594 0.2167611846 0.3103448276
2 0.6200378072 0.5057471264 0.0453686200 0.0981800766
2 0.4013862634 0.5038314176 0.0195337114 0.0325670498
2 0.6874606175 0.5062260536 0.0447385003 0.0996168582
1 0.1839949590 0.5181992337 0.0195337114 0.0210727969
