4 0.7277882798 0.5143678161 0.0132325142 0.0435823755
4 0.8311279143 0.5138888889 0.0170132325 0.0450191571
1 0.7725267801 0.5181992337 0.0289855072 0.0272988506
1 0.7643352237 0.5263409962 0.0302457467 0.0296934866
1 0.5507246377 0.5249042146 0.0352867045 0.0407088123
1 0.4984247007 0.5402298851 0.0623818526 0.0814176245
1 0.4347826087 0.5478927203 0.0693131695 0.0828544061
0 0.3295526150 0.5105363985 0.0359168242 0.0282567050
1 0.3509766856 0.5522030651 0.0819155640 0.0981800766
2 0.1096408318 0.5019157088 0.0321361059 0.0900383142
2 0.1625708885 0.5067049808 0.0321361059 0.0737547893
