4 0.5507246377 0.5105363985 0.0113421550 0.0316091954
4 0.6244486452 0.5110153257 0.0126023945 0.0325670498
1 0.5879017013 0.5148467433 0.0214240706 0.0196360153
1 0.6137366100 0.5234674330 0.0371770636 0.0397509579
1 0.6956521739 0.5229885057 0.0359168242 0.0464559387
1 0.4486452426 0.5191570881 0.0270951481 0.0330459770
1 0.3648393195 0.5162835249 0.0233144297 0.0268199234
1 0.0680529301 0.5263409962 0.0428481411 0.0613026820
0 0.5211090107 0.9834770115 0.2142407057 0.0330459770
1 0.7233774417 0.7456896552 0.4467548834 0.5081417625
2 0.9369880277 0.5043103448 0.0396975425 0.0962643678
