0 0.5188916877 0.5366203925 0.0125944584 0.0129248444
4 0.4395465995 0.5093346099 0.0113350126 0.0301579703
4 0.5100755668 0.5093346099 0.0107052897 0.0282431786
3 0.7556675063 0.5280038296 0.1687657431 0.0220201053
1 0.3104534005 0.5184298708 0.0346347607 0.0306366683
1 0.3539042821 0.5246529440 0.0415617128 0.0402106271
1 0.4049118388 0.5160363810 0.0258186398 0.0253709909
1 0.4584382872 0.5313547152 0.0510075567 0.0564863571
1 0.4981108312 0.5131641934 0.0188916877 0.0196266156
1 0.5371536524 0.5265677358 0.0403022670 0.0449976065
1 0.6064231738 0.5356629966 0.0579345088 0.0655816180
1 0.6335012594 0.5337482049 0.0440806045 0.0387745333
2 0.0610831234 0.5055050263 0.0302267003 0.0636668262
2 0.9483627204 0.5059837243 0.0289672544 0.0914313068
