4 0.6127204030 0.5102920057 0.0094458438 0.0292005744
4 0.6813602015 0.5112494016 0.0069269521 0.0301579703
1 0.6429471033 0.5131641934 0.0226700252 0.0172331259
1 0.6593198992 0.5232168502 0.0239294710 0.0205840115
1 0.6013853904 0.5179511728 0.0207808564 0.0201053135
1 0.5617128463 0.5193872666 0.0201511335 0.0181905218
1 0.5138539043 0.5347056008 0.0516372796 0.0636668262
0 0.4534005038 0.5423647678 0.0163727960 0.0172331259
1 0.4332493703 0.5275251316 0.0447103275 0.0521780756
1 0.1360201511 0.5370990905 0.0579345088 0.0732407851
2 0.1234256927 0.4978458593 0.0314861461 0.0775490665
2 0.0736775819 0.5031115366 0.0403022670 0.0655816180
2 0.7386649874 0.5045476304 0.0214105793 0.0335088559
