0 0.4270440252 0.4808795411 0.0201257862 0.0143403442
4 0.8823899371 0.4985659656 0.0138364780 0.0415869981
4 0.9628930818 0.5004780115 0.0144654088 0.0439770554
1 0.9383647799 0.5033460803 0.0251572327 0.0286806883
1 0.7547169811 0.5133843212 0.0377358491 0.0468451243
1 0.4578616352 0.5114722753 0.0377358491 0.0454110899
1 0.5371069182 0.5487571702 0.0981132075 0.1261950287
1 0.0179245283 0.5143403442 0.0358490566 0.0559273423
1 0.2924528302 0.5152963671 0.0471698113 0.0540152964
1 0.3182389937 0.5105162524 0.0408805031 0.0473231358
2 0.3716981132 0.4909177820 0.0364779874 0.0602294455
