2 0.3270440252 0.4913957935 0.0383647799 0.0745697897
2 0.5415094340 0.4918738050 0.0251572327 0.0434990440
2 0.7754716981 0.4870936902 0.0295597484 0.0497131931
4 0.8245283019 0.4971319312 0.0138364780 0.0468451243
4 0.9270440252 0.4952198853 0.0150943396 0.0487571702
1 0.6044025157 0.5167304015 0.0547169811 0.0578393881
1 0.7433962264 0.5344168260 0.0805031447 0.0779158700
1 0.8937106918 0.5019120459 0.0314465409 0.0339388145
0 0.4597484277 0.5869980880 0.0301886792 0.0229445507
1 0.6704402516 0.5377629063 0.1113207547 0.1037284895
1 0.4905660377 0.6051625239 0.2176100629 0.2347036329
1 0.0610062893 0.5497131931 0.0867924528 0.1180688337
