2 0.6679245283 0.4937858509 0.0389937107 0.0411089866
4 0.5716981132 0.4985659656 0.0194968553 0.0602294455
1 0.4930817610 0.5076481836 0.0496855346 0.0458891013
1 0.5377358491 0.5262906310 0.0635220126 0.0812619503
1 0.8836477987 0.5243785851 0.0584905660 0.0750478011
1 0.5100628931 0.6075525813 0.0811320755 0.1787762906
0 0.6427672956 0.9553059273 0.1911949686 0.0893881453
1 0.4490566038 0.7369741874 0.4402515723 0.5260516252
2 0.0295597484 0.4918738050 0.0333333333 0.0707456979
2 0.5968553459 0.4856596558 0.0314465409 0.0626195029
