0 0.3754716981 0.4612810707 0.0169811321 0.0143403442
4 0.7855345912 0.4976099426 0.0157232704 0.0396749522
4 0.8679245283 0.4980879541 0.0150943396 0.0401529637
1 0.0842767296 0.5133843212 0.0389937107 0.0525812620
1 0.3088050314 0.5066921606 0.0257861635 0.0434990440
1 0.3358490566 0.5105162524 0.0402515723 0.0492351816
1 0.4138364780 0.5540152964 0.1094339623 0.1367112811
1 0.4446540881 0.5076481836 0.0333333333 0.0382409178
1 0.6283018868 0.5100382409 0.0415094340 0.0458891013
1 0.8446540881 0.5009560229 0.0283018868 0.0253346080
2 0.2901195721 0.4854136777 0.0270610447 0.0616929699
