0 0.4371069182 0.4431166348 0.0163522013 0.0138623327
4 0.8194968553 0.4971319312 0.0150943396 0.0391969407
4 0.9000000000 0.4980879541 0.0125786164 0.0406309751
1 0.8408805031 0.5023900574 0.0276729560 0.0258126195
1 0.6603773585 0.5138623327 0.0408805031 0.0506692161
1 0.4496855346 0.5114722753 0.0371069182 0.0420650096
1 0.3628930818 0.5152963671 0.0452830189 0.0506692161
1 0.1169811321 0.5186424474 0.0408805031 0.0521032505
1 0.4050314465 0.5578393881 0.1069182390 0.1386233270
2 0.2930817610 0.4923518164 0.0534591195 0.0568833652
