4 0.3283018868 0.4894837476 0.0169811321 0.0310707457
4 0.4415094340 0.4818355641 0.0157232704 0.0167304015
0 0.4075471698 0.4560229446 0.0169811321 0.0148183556
1 0.2339622642 0.5124282983 0.0339622642 0.0372848948
1 0.3465408805 0.5195984704 0.0572327044 0.0640535373
1 0.4314465409 0.5124282983 0.0559748428 0.0530592734
1 0.4616352201 0.5339388145 0.0716981132 0.0783938815
1 0.5377358491 0.5243785851 0.0805031447 0.0740917782
2 0.5792452830 0.4923518164 0.0245283019 0.0348948375
2 0.5528301887 0.4899617591 0.0283018868 0.0310707457
2 0.0735849057 0.4885277247 0.0238993711 0.0492351816
2 0.0433962264 0.4909177820 0.0226415094 0.0497131931
2 0.9402515723 0.4861376673 0.0528301887 0.0927342256
