0 0.4320754717 0.4655831740 0.0327044025 0.0272466539
2 0.8132075472 0.4909177820 0.0433962264 0.1065965583
1 0.0352201258 0.5172084130 0.0578616352 0.0568833652
4 0.1006289308 0.5057361377 0.0226415094 0.0740917782
1 0.1559748428 0.6238049713 0.1339622642 0.2753346080
1 0.3723270440 0.5454110899 0.0937106918 0.1142447419
1 0.5364779874 0.5640535373 0.1314465409 0.1567877629
1 0.2893081761 0.6969407266 0.2905660377 0.4206500956
2 0.2056603774 0.4890057361 0.0327044025 0.0779158700
2 0.3031446541 0.4995219885 0.0446540881 0.0521032505
