4 0.7352201258 0.5004780115 0.0150943396 0.0387189293
4 0.8182389937 0.5009560229 0.0144654088 0.0396749522
1 0.7515723270 0.5038240918 0.0270440252 0.0239005736
1 0.6245283019 0.5100382409 0.0333333333 0.0406309751
0 0.4584905660 0.5262906310 0.0163522013 0.0143403442
1 0.5088050314 0.5114722753 0.0421383648 0.0501912046
1 0.4811320755 0.5105162524 0.0377358491 0.0482791587
1 0.3654088050 0.5152963671 0.0427672956 0.0535372849
1 0.0352201258 0.5152963671 0.0465408805 0.0597514340
1 0.4364779874 0.5630975143 0.1213836478 0.1500956023
2 0.2572327044 0.4861376673 0.0245283019 0.0549713193
