4 0.1553459119 0.4942638623 0.0119496855 0.0353728489
4 0.2264150943 0.4918738050 0.0094339623 0.0282026769
1 0.1974842767 0.4990439771 0.0213836478 0.0181644359
1 0.0276729560 0.5114722753 0.0345911950 0.0430210325
1 0.2792452830 0.5133843212 0.0471698113 0.0525812620
1 0.3773584906 0.5033460803 0.0295597484 0.0329827916
1 0.4553459119 0.5057361377 0.0320754717 0.0353728489
1 0.4937106918 0.5028680688 0.0308176101 0.0329827916
0 0.3484276730 0.4737093690 0.0157232704 0.0129063098
2 0.6591194969 0.4827915870 0.0327044025 0.0597514340
2 0.7270440252 0.4870936902 0.0396226415 0.0740917782
