4 0.4025157233 0.5043021033 0.0201257862 0.0659655832
4 0.5327044025 0.5019120459 0.0150943396 0.0568833652
1 0.5081761006 0.5090822180 0.0452830189 0.0430210325
0 0.5660377358 0.4875717017 0.0169811321 0.0133843212
2 0.6018867925 0.4966539197 0.0289308176 0.0368068834
2 0.5830188679 0.4966539197 0.0320754717 0.0382409178
1 0.3459119497 0.5798279159 0.1283018868 0.1242829828
1 0.6264150943 0.5578393881 0.1396226415 0.1391013384
1 0.7125786164 0.5167304015 0.0440251572 0.0554493308
1 0.8566037736 0.6285850860 0.2786163522 0.2882409178
