4 0.5377358491 0.4961759082 0.0125786164 0.0377629063
4 0.6238993711 0.4966539197 0.0138364780 0.0411089866
2 0.9088050314 0.4880497132 0.0396226415 0.0826959847
0 0.3572327044 0.5253346080 0.0176100629 0.0143403442
1 0.3754716981 0.5267686424 0.0622641509 0.0783938815
1 0.5566037736 0.5200764818 0.0503144654 0.0587954111
1 0.5723270440 0.5009560229 0.0333333333 0.0258126195
1 0.8088050314 0.5119502868 0.0433962264 0.0564053537
3 0.9345911950 0.5239005736 0.1308176101 0.0286806883
2 0.0824417873 0.4897178384 0.0327249843 0.0674318508
