4 0.2509433962 0.4995219885 0.0163522013 0.0468451243
4 0.3597484277 0.4804015296 0.0132075472 0.0138623327
1 0.3056603774 0.5033460803 0.0327044025 0.0320267686
1 0.2735849057 0.5124282983 0.0339622642 0.0368068834
2 0.5257861635 0.4933078394 0.0345911950 0.0358508604
2 0.9628930818 0.4823135755 0.0578616352 0.1314531549
1 0.0805031447 0.5372848948 0.0672955975 0.0783938815
1 0.3685534591 0.5951242830 0.1817610063 0.2232313576
1 0.5861635220 0.7354206501 0.4402515723 0.5291586998
0 0.4616352201 0.9749043977 0.2301886792 0.0501912046
