4 0.3874213836 0.5014340344 0.0201257862 0.0549713193
4 0.5226415094 0.5014340344 0.0194968553 0.0554493308
2 0.6119496855 0.4894837476 0.0314465409 0.0583173996
2 0.6849056604 0.4961759082 0.0402515723 0.0396749522
1 0.4503144654 0.5086042065 0.0415094340 0.0363288719
1 0.4949685535 0.5239005736 0.0572327044 0.0707456979
1 0.8245283019 0.5358508604 0.0761006289 0.0984703633
0 0.4591194969 0.6634799235 0.1572327044 0.1132887189
1 0.4138364780 0.5889101338 0.1578616352 0.2055449331
1 0.2094339623 0.6993307839 0.3213836478 0.4254302103
