4 0.1025157233 0.4961759082 0.0176100629 0.0482791587
4 0.2119496855 0.4956978967 0.0157232704 0.0497131931
2 0.9773584906 0.4875717017 0.0440251572 0.0922562141
1 0.0396226415 0.5076481836 0.0301886792 0.0406309751
1 0.1792452830 0.5023900574 0.0333333333 0.0305927342
1 0.2748427673 0.5215105163 0.0578616352 0.0693116635
1 0.3270440252 0.5382409178 0.0817610063 0.0654875717
1 0.3955974843 0.5516252390 0.1339622642 0.1338432122
0 0.4402515723 0.5607074570 0.0201257862 0.0210325048
1 0.4647798742 0.5334608031 0.0685534591 0.0927342256
3 0.5890497168 0.5155428025 0.2328508496 0.0224772836
