0 0.4685534591 0.6400573614 0.0509433962 0.0506692161
4 0.9044025157 0.5052581262 0.0251572327 0.0908221797
3 0.1459119497 0.5755258126 0.2918238994 0.0774378585
1 0.0503144654 0.5401529637 0.0792452830 0.0999043977
1 0.9465408805 0.5167304015 0.0660377358 0.0645315488
1 0.9817610063 0.5329827916 0.0364779874 0.1013384321
1 0.9301886792 0.5487571702 0.0874213836 0.1228489484
1 0.4685534591 0.5554493308 0.0836477987 0.1429254302
1 0.3987421384 0.6367112811 0.2459119497 0.3097514340
2 0.2855345912 0.4856596558 0.0566037736 0.0999043977
2 0.3421383648 0.4918738050 0.0503144654 0.0874760994
2 0.8572327044 0.4894837476 0.0396226415 0.0850860421
