1 0.7791063562 0.5016738403 0.0327249843 0.0301291248
1 0.9539018250 0.5557149689 0.0921963499 0.1396461023
1 0.7545626180 0.5375418460 0.0824417873 0.1066475371
1 0.6425424795 0.5193687231 0.0585273757 0.0683883309
1 0.3285084959 0.5121951220 0.0427942102 0.0478240077
1 0.4185022026 0.5026303204 0.0264317181 0.0329985653
0 0.3662680931 0.5327594452 0.0207677785 0.0176948828
3 0.3983637508 0.5193687231 0.2259282568 0.0243902439
1 0.3895531781 0.5494978479 0.1025802391 0.1272118604
1 0.7293895532 0.7317073171 0.4499685337 0.5208034433
