2 0.8597484277 0.4866156788 0.0345911950 0.0750478011
2 0.9446540881 0.4961759082 0.0421383648 0.0521032505
4 0.5899371069 0.5033460803 0.0232704403 0.0745697897
1 0.6811320755 0.5138623327 0.0572327044 0.0525812620
4 0.7779874214 0.5033460803 0.0201257862 0.0745697897
1 0.7987421384 0.5458891013 0.0911949686 0.1161567878
1 0.5245283019 0.6008604207 0.1786163522 0.2337476099
1 0.1125786164 0.8563575526 0.2251572327 0.2872848948
0 0.2106918239 0.9610420650 0.2106918239 0.0779158700
1 0.0635619887 0.5126733620 0.0409062303 0.0430416069
3 0.1016362492 0.5279770445 0.2032724984 0.0224772836
