4 0.5157232704 0.4842256214 0.0106918239 0.0129063098
4 0.6022655758 0.4940219990 0.0138451857 0.0368244859
1 0.5865324103 0.4992826399 0.0302076778 0.0248684840
1 0.5179358087 0.5011956002 0.0213971051 0.0239120038
1 0.4411579610 0.5074127212 0.0308370044 0.0435198470
0 0.4959093770 0.5480631277 0.0113278792 0.0172166428
1 0.4927627439 0.5227164036 0.0453115167 0.0717360115
1 0.4650723726 0.5260640842 0.0616740088 0.0817790531
1 0.2756450598 0.5145863223 0.0427942102 0.0554758489
1 0.3089993707 0.5318029651 0.0767778477 0.0937350550
2 0.9710509755 0.4863701578 0.0560100692 0.1209947394
2 0.7432347388 0.4921090387 0.0264317181 0.0315638451
