0 0.5494021397 0.4921090387 0.0195091252 0.0143472023
2 0.6318439270 0.4825442372 0.0251730648 0.0377809660
4 0.6400251731 0.4968914395 0.0132158590 0.0459110473
4 0.7470106986 0.4954567193 0.0157331655 0.0454328073
2 0.8237885463 0.4863701578 0.0239144116 0.0478240077
2 0.8747640025 0.4954567193 0.0276903713 0.0320420851
1 0.2680931403 0.5251076040 0.0585273757 0.0722142516
1 0.6280679673 0.5102821616 0.0383889239 0.0502152080
1 0.5720578980 0.5164992826 0.0497168030 0.0583452893
1 0.6916299559 0.5083692013 0.0333543109 0.0401721664
1 0.7105097546 0.5026303204 0.0226557583 0.0339550454
1 0.9786028949 0.5193687231 0.0427942102 0.0640841703
3 0.2945248584 0.5193687231 0.2391441158 0.0219990435
1 0.3083700441 0.5026303204 0.0283196979 0.0320420851
