2 0.4059156702 0.4887613582 0.0346129641 0.0631276901
0 0.5122718691 0.4796747967 0.0195091252 0.0172166428
4 0.8527375708 0.5007173601 0.0182504720 0.0669536107
1 0.8873505349 0.5098039216 0.0415355570 0.0459110473
1 0.7363121460 0.5671927308 0.1277533040 0.1640363462
1 0.3719320327 0.5117168819 0.0409062303 0.0473457676
1 0.4166142228 0.5088474414 0.0339836375 0.0483022477
1 0.4889867841 0.5078909613 0.0320956576 0.0396939264
1 0.5393329138 0.5088474414 0.0383889239 0.0468675275
1 0.5078665828 0.5117168819 0.0402769037 0.0535628886
