2 0.3251572327 0.4732313576 0.0352201258 0.0382409178
2 0.5333333333 0.4904397706 0.0226415094 0.0454110899
4 0.8163522013 0.4956978967 0.0132075472 0.0458891013
4 0.9201257862 0.4952198853 0.0138364780 0.0468451243
1 0.0572327044 0.5501912046 0.0867924528 0.1166347992
1 0.3471698113 0.5296367113 0.0704402516 0.0769598470
1 0.6647798742 0.5081261950 0.0396226415 0.0401529637
1 0.4031446541 0.6080305927 0.2276729560 0.2399617591
0 0.4603773585 0.5893881453 0.0471698113 0.0200764818
1 0.8886792453 0.5019120459 0.0314465409 0.0334608031
