4 0.3465408805 0.4909177820 0.0169811321 0.0305927342
4 0.4597484277 0.4851816444 0.0163522013 0.0186424474
0 0.4276729560 0.5152963671 0.0163522013 0.0133843212
1 0.4050314465 0.5143403442 0.0490566038 0.0521032505
1 0.5157232704 0.5038240918 0.0396226415 0.0425430210
1 0.4666666667 0.5239005736 0.0572327044 0.0678776291
1 0.3534591195 0.5286806883 0.0641509434 0.0521032505
1 0.2484276730 0.5109942639 0.0490566038 0.0530592734
1 0.0735849057 0.5105162524 0.0333333333 0.0415869981
2 0.1597484277 0.4909177820 0.0339622642 0.0530592734
2 0.2911949686 0.4937858509 0.0270440252 0.0444550669
2 0.6069182390 0.4952198853 0.0377358491 0.0344168260
2 0.6433962264 0.4870936902 0.0289308176 0.0497131931
2 0.8421383648 0.4890057361 0.0339622642 0.0717017208
