2 0.2699387074 0.4780295193 0.0773416534 0.1564504802
1 0.2558692396 0.5474017262 0.1194702983 0.1490557492
0 0.2990395129 0.5359297395 0.0283323899 0.0209135450
4 0.3797756135 0.5013278723 0.0331852511 0.0732910559
1 0.4707683325 0.5177052617 0.0414747708 0.0456364080
2 0.4962311558 0.5054892601 0.0552763819 0.0964200477
1 0.5144295692 0.5181666613 0.0504155569 0.0495758206
1 0.9153506001 0.5468074892 0.0625394820 0.0912145943
1 0.9677826911 0.5540086414 0.0644346178 0.0892942871
1 0.9532533165 0.6663466155 0.0934933670 0.1397023524
1 0.9673089071 0.7724435910 0.0653821857 0.1051368219
