4 0.2721938193 0.4983931780 0.0267566089 0.0652916506
4 0.3809905648 0.5012232661 0.0318967924 0.0746457353
1 0.4753478169 0.5172201395 0.0580028482 0.0453028418
1 0.5131015778 0.5177279711 0.0552584417 0.0481557436
0 0.4378140704 0.5374701671 0.0270100503 0.0210023866
1 0.4340452261 0.5121718377 0.0546482412 0.0434367542
1 0.9189698492 0.5479713604 0.0766331658 0.0897374702
1 0.9695351759 0.5541766110 0.0609296482 0.0902147971
1 0.9522613065 0.6687350835 0.0954773869 0.1403341289
1 0.9706344221 0.7747016706 0.0587311558 0.1069212411
