2 0.0898440000 0.4701390000 0.0187500000 0.0763890000
2 0.1070310000 0.4659720000 0.0187500000 0.0736110000
2 0.1242190000 0.4659720000 0.0156250000 0.0791670000
2 0.2046880000 0.4631940000 0.0218750000 0.0708330000
2 0.1824220000 0.4659720000 0.0226560000 0.0736110000
2 0.2750000000 0.4625000000 0.0250000000 0.0722220000
2 0.2507810000 0.4666670000 0.0281250000 0.0638890000
2 0.3046880000 0.4631940000 0.0265630000 0.0708330000
2 0.3273440000 0.4659720000 0.0218750000 0.0625000000
2 0.3562500000 0.4680560000 0.0234380000 0.0472220000
2 0.4746090000 0.4659720000 0.0195310000 0.0486110000
1 0.7320310000 0.4798610000 0.0281250000 0.0375000000
1 0.8085940000 0.4812500000 0.0281250000 0.0402780000
1 0.7699220000 0.4881940000 0.0335940000 0.0430560000
1 0.8410160000 0.4791670000 0.0273440000 0.0388890000
1 0.8789060000 0.4972220000 0.0515620000 0.0777780000
1 0.9328130000 0.4902780000 0.0437500000 0.0555560000
0 0.6177024482 0.4928435115 0.0144381670 0.0124045802
