2 0.7097660000 0.4965280000 0.0476560000 0.1597220000
2 0.2980470000 0.5097220000 0.0882810000 0.2861110000
2 0.3378910000 0.5006940000 0.0570310000 0.2375000000
2 0.3789060000 0.5118060000 0.0578130000 0.2347220000
2 0.4281250000 0.5423610000 0.0718750000 0.1791670000
2 0.4539060000 0.5083330000 0.0656250000 0.2138890000
2 0.5101560000 0.5083330000 0.0546880000 0.1861110000
2 0.5535160000 0.5145830000 0.0429690000 0.1930560000
2 0.6070310000 0.5152780000 0.0500000000 0.1583330000
2 0.6449220000 0.5340280000 0.0382810000 0.1013890000
2 0.6714840000 0.5125000000 0.0398440000 0.1194440000
2 0.7648440000 0.5076390000 0.0906250000 0.1986110000
