2 0.0363280000 0.4958330000 0.0585940000 0.2444440000
2 0.1058590000 0.4958330000 0.0554690000 0.2472220000
2 0.1695310000 0.4708330000 0.1250000000 0.3194440000
2 0.3660160000 0.4777780000 0.0789060000 0.1777780000
2 0.4988280000 0.4888890000 0.0492190000 0.1111110000
2 0.8183590000 0.4791670000 0.0617190000 0.1083330000
2 0.8921870000 0.4930560000 0.0437500000 0.0777780000
1 0.2292970000 0.5576390000 0.1039060000 0.1402780000
2 0.9363280000 0.5006940000 0.0460940000 0.0847220000
3 0.4071969697 0.5868522073 0.8118686869 0.1170825336
