1 0.0404191837 0.5321643949 0.0747062117 0.0896128491
0 0.4075288475 0.5449090004 0.0192319918 0.0181591250
1 0.3792462647 0.5255312324 0.0544118732 0.0658009350
3 0.6077762842 0.5327340961 0.4188963771 0.0132915433
1 0.8962745667 0.5349590778 0.0497165844 0.0904494300
1 0.8501919508 0.5634195805 0.1234159768 0.1510715187
4 0.0483460560 0.4782398453 0.0400763359 0.0449709865
2 0.4974554707 0.4941972921 0.0400763359 0.0614119923
2 0.6615776081 0.4908123791 0.0330788804 0.0802707930
2 0.7124681934 0.4922630561 0.0362595420 0.0691489362
2 0.7493638677 0.4932301741 0.0445292621 0.0942940039
2 0.7697201018 0.4908123791 0.0267175573 0.0788201161
2 0.8002544529 0.4903288201 0.0349872774 0.0744680851
2 0.8797709924 0.4859767892 0.0419847328 0.0865570600
2 0.8416030534 0.4922630561 0.0388040712 0.0947775629
2 0.9122137405 0.4888781431 0.0413486005 0.1083172147
