4 0.3345187306 0.4985311627 0.0215054266 0.0323340110
2 0.8233422041 0.4885804355 0.0457159616 0.1039603800
1 0.3398358226 0.5079036951 0.0328855179 0.0327319130
1 0.4095124006 0.5061446428 0.0334605202 0.0288194846
4 0.4250650108 0.5022383928 0.0202114638 0.0398602970
1 0.8715183735 0.5320886970 0.0600333065 0.0821686164
1 0.7663558722 0.5670545697 0.1189981028 0.1588444561
0 0.6743002545 0.5193423598 0.0159033079 0.0135396518
3 0.7067430025 0.5188588008 0.1132315522 0.0164410058
2 0.7678117048 0.4806576402 0.0241730280 0.0290135397
2 0.7506361323 0.4927466151 0.0292620865 0.0599613153
2 0.7131043257 0.4951644101 0.0298982188 0.0430367505
