1 0.1432659477 0.5211606622 0.0541552044 0.0667702109
0 0.4799479842 0.5597004294 0.0236990135 0.0249717869
3 0.7606972456 0.5336359739 0.3682782352 0.0165588520
1 0.9747378230 0.5173612237 0.0500541739 0.0652542785
4 0.1482188295 0.4825918762 0.0292620865 0.0323984526
1 0.5617048346 0.5396518375 0.0928753181 0.1092843327
1 0.5159033079 0.5338491296 0.0731552163 0.0938104449
2 0.7792620865 0.4869439072 0.0356234097 0.0846228240
2 0.8136132316 0.4879110251 0.0349872774 0.0754352031
2 0.8486005089 0.4912959381 0.0527989822 0.1034816248
2 0.8912213740 0.4825918762 0.0337150127 0.0851063830
2 0.9236641221 0.4854932302 0.0368956743 0.0826885880
2 0.9726463104 0.4888781431 0.0419847328 0.1136363636
2 0.9516539440 0.4840425532 0.0216284987 0.0822050290
