2 0.0432569975 0.4845261122 0.0661577608 0.1208897485
2 0.2143765903 0.4883945841 0.0267175573 0.0788201161
2 0.9895038168 0.4961315280 0.0209923664 0.0652804642
3 0.3225190840 0.5188588008 0.1590330789 0.0183752418
1 0.4048731923 0.5107494593 0.0317916125 0.0370157957
1 0.4821882952 0.5096711799 0.0260814249 0.0270793037
0 0.4961832061 0.5188588008 0.0114503817 0.0116054159
1 0.5391109586 0.5136183500 0.0368578918 0.0433777720
4 0.6303586960 0.5041531920 0.0153080784 0.0399011523
1 0.6473273039 0.5083137155 0.0307303518 0.0285547841
4 0.7191531658 0.5044754744 0.0173650086 0.0394201688
1 0.0995619148 0.5814009309 0.1450864524 0.1871773154
