2 0.3256997455 0.4888781431 0.0661577608 0.1329787234
0 0.3613231552 0.4526112186 0.0241730280 0.0188588008
1 0.5187225938 0.5162298679 0.0405424833 0.0478930287
1 0.6163641214 0.5090053082 0.0297796279 0.0328581817
4 0.6856545806 0.5047056079 0.0154579626 0.0370928794
4 0.7638865709 0.5044065118 0.0147614526 0.0360679515
1 0.7137871385 0.5091019869 0.0278029442 0.0260661207
1 0.8805827498 0.5627922416 0.1062510461 0.1426849663
1 0.2759906650 0.5941690207 0.1569674611 0.2114163339
3 0.3950381679 0.5236943907 0.1272264631 0.0256286267
