2 0.7605084181 0.4941252470 0.0536893159 0.0834915414
2 0.9607044458 0.4742516279 0.0785911083 0.2072436064
0 0.7687421441 0.6995838881 0.0937151685 0.0700748786
3 0.5249681934 0.5768858801 0.9500636132 0.0768858801
1 0.5108142494 0.5812379110 0.1507633588 0.1847195358
2 0.6183206107 0.4898452611 0.0769720102 0.1779497099
2 0.5305343511 0.4821083172 0.0807888041 0.1832688588
2 0.8142493639 0.4864603482 0.0712468193 0.2287234043
2 0.8613231552 0.4874274662 0.0604325700 0.1731141199
2 0.8982188295 0.4850096712 0.0547073791 0.1745647969
