4 0.7672856450 0.4983310997 0.0143863652 0.0235276874
1 0.6990932226 0.5080548525 0.0298298821 0.0282496158
4 0.6856155992 0.5043569207 0.0152014559 0.0372275114
1 0.7744718790 0.5120903254 0.0292380322 0.0362191498
1 0.8346680403 0.5124050379 0.0304147583 0.0373588316
1 0.4592875318 0.5077369439 0.0267175573 0.0290135397
1 0.4319338422 0.5082205029 0.0286259542 0.0333655706
0 0.4554707379 0.5169245648 0.0120865140 0.0111218569
1 0.6488549618 0.5087040619 0.0286259542 0.0299806576
1 0.5865139949 0.5087040619 0.0248091603 0.0299806576
1 0.6157760814 0.5072533849 0.0235368957 0.0256286267
2 0.1774809160 0.5043520309 0.0445292621 0.0459381044
2 0.2270992366 0.4912959381 0.0279898219 0.0580270793
2 0.2690839695 0.5029013540 0.0337150127 0.0411025145
2 0.3543256997 0.4932301741 0.0216284987 0.0556092843
2 0.3746819338 0.4932301741 0.0241730280 0.0527079304
3 0.9736005089 0.5198259188 0.0527989822 0.0130560928
