2 0.4056400061 0.4959240258 0.0298037343 0.0651340038
4 0.0162524004 0.5013300180 0.0133403810 0.0350990109
1 0.0311355870 0.5193367004 0.0418105125 0.0533730872
4 0.0799030140 0.5006732345 0.0136552267 0.0340986513
1 0.2148660123 0.5123421550 0.0351835340 0.0412051640
1 0.3471916616 0.5118388534 0.0356721655 0.0391358621
1 0.0502544529 0.5029013540 0.0229007634 0.0212765957
0 0.0508905852 0.5178916828 0.0152671756 0.0135396518
2 0.6895674300 0.4980657640 0.0483460560 0.0759187621
2 0.8956743003 0.4985493230 0.0489821883 0.0899419729
2 0.8715012723 0.4985493230 0.0483460560 0.0812379110
2 0.3778625954 0.4927466151 0.0349872774 0.0527079304
