1 0.5997593999 0.5067926645 0.0238547008 0.0218632296
1 0.7259015441 0.5131048560 0.0335776955 0.0356664211
1 0.8188492656 0.5113289356 0.0282353293 0.0333270766
4 0.8398799300 0.5039787889 0.0141430041 0.0340189412
1 0.9607304931 0.5251166821 0.0448055826 0.0587005801
0 0.5680661578 0.5135396518 0.0127226463 0.0116054159
2 0.4942748092 0.4937137331 0.0229007634 0.0454545455
2 0.3339694656 0.5029013540 0.0438931298 0.0444874275
2 0.3581424936 0.4888781431 0.0229007634 0.0565764023
2 0.4083969466 0.5019342360 0.0349872774 0.0391682785
2 0.4433842239 0.4917794971 0.0318066158 0.0512572534
1 0.6787531807 0.5091876209 0.0209923664 0.0304642166
1 0.6984732824 0.5062862669 0.0178117048 0.0265957447
1 0.6902035623 0.5091876209 0.0267175573 0.0294970986
4 0.7678117048 0.5024177950 0.0139949109 0.0343326886
1 0.7798982188 0.5067698259 0.0229007634 0.0265957447
