2 0.8555370569 0.4960749447 0.0365776084 0.0642042458
1 0.3442289233 0.5159159303 0.0375417843 0.0403107442
1 0.3680012524 0.5106858611 0.0258322936 0.0341032706
1 0.4943740666 0.5081998110 0.0277836230 0.0285444167
4 0.4789378047 0.5030257702 0.0143502038 0.0424381606
4 0.5735187531 0.5040595531 0.0168072917 0.0391738154
1 0.9214596599 0.6037288904 0.1570806801 0.2233287692
0 0.3136132316 0.5178916828 0.0159033079 0.0101547389
1 0.3148854962 0.5096711799 0.0235368957 0.0275628627
3 0.1768447837 0.5207930368 0.1984732824 0.0212765957
2 0.0597964377 0.4898452611 0.0407124682 0.0764023211
2 0.9459287532 0.4903288201 0.0362595420 0.0652804642
