4 0.3098995388 0.4993063509 0.0146507388 0.0361373909
1 0.3524298370 0.5032792687 0.0266032089 0.0211135130
1 0.3997655213 0.5049920678 0.0242511537 0.0235106237
1 0.3779066801 0.5125265718 0.0328402631 0.0348397717
1 0.4581845999 0.5105404258 0.0323095657 0.0358898416
1 0.5016696453 0.5081099868 0.0273437407 0.0295978617
1 0.5480648279 0.5098658800 0.0299491119 0.0298667476
1 0.6363843679 0.5203267932 0.0492958277 0.0532331392
0 0.5400763359 0.4801740812 0.0165394402 0.0135396518
4 0.3816793893 0.4932301741 0.0120865140 0.0212765957
2 0.7468193384 0.4927466151 0.0305343511 0.0502901354
2 0.7767175573 0.4932301741 0.0337150127 0.0551257253
3 0.0585241730 0.5178916828 0.0916030534 0.0217601547
