2 0.3244016469 0.4889483750 0.0448114835 0.0961336344
3 0.1653280258 0.5354973674 0.3099014759 0.0162520800
1 0.4128760695 0.5589536428 0.1231592074 0.1370537281
1 0.8378426433 0.5073449016 0.0244963765 0.0321178176
1 0.8667547703 0.5074210763 0.0257648714 0.0341176800
1 0.9030073881 0.5123003721 0.0318648480 0.0426926687
1 0.9736570716 0.5207912326 0.0450063981 0.0598061979
0 0.8899491094 0.5130560928 0.0139949109 0.0116054159
2 0.7690839695 0.4908123791 0.0267175573 0.0623791103
2 0.1081424936 0.4850096712 0.0311704835 0.0880077369
2 0.1450381679 0.4903288201 0.0426208651 0.0812379110
2 0.2188295165 0.4850096712 0.0337150127 0.0899419729
2 0.2430025445 0.4830754352 0.0400763359 0.0904255319
2 0.2767175573 0.4864603482 0.0388040712 0.0836557060
2 0.3842239186 0.4908123791 0.0305343511 0.0783365571
4 0.9688295165 0.4951644101 0.0127226463 0.0280464217
