2 0.0579029508 0.4875432253 0.0510557890 0.1753123403
4 0.5491624475 0.5038333535 0.0196750890 0.0388536341
1 0.7124909759 0.5097898841 0.0247541945 0.0273748990
1 0.8914800882 0.5240311623 0.0439593866 0.0601156577
1 0.9715161920 0.5491905808 0.0568008274 0.1113690659
4 0.6342239186 0.5033849130 0.0133587786 0.0352998066
1 0.6240458015 0.5087040619 0.0222646310 0.0261121857
1 0.7474554707 0.5091876209 0.0235368957 0.0309477756
0 0.7372773537 0.5193423598 0.0127226463 0.0111218569
2 0.1386768448 0.5067698259 0.0680661578 0.0778529981
2 0.9459287532 0.4922630561 0.0229007634 0.0512572534
2 0.9223918575 0.4966150870 0.0190839695 0.0449709865
2 0.9624681934 0.4912959381 0.0197201018 0.0531914894
2 0.9847328244 0.4811411992 0.0235368957 0.0372340426
