4 0.5124460459 0.4988107085 0.0148708466 0.0336235501
1 0.1912468821 0.5073397756 0.0273369476 0.0266547613
1 0.2385704219 0.5037575960 0.0263470318 0.0315551981
1 0.2706948519 0.5021342635 0.0239967257 0.0313631482
1 0.4101532400 0.5102199912 0.0316931158 0.0339690708
1 0.4500208199 0.5031497478 0.0276013184 0.0226778314
1 0.5570565462 0.5112094283 0.0358886234 0.0415950678
0 0.3333333333 0.4796905222 0.0152671756 0.0125725338
2 0.0521628499 0.5019342360 0.0318066158 0.0440038685
2 0.1195928753 0.4912959381 0.0235368957 0.0589941973
2 0.1374045802 0.4908123791 0.0248091603 0.0527079304
4 0.4338422392 0.4990328820 0.0159033079 0.0343326886
2 0.7646310433 0.4927466151 0.0203562341 0.0440038685
2 0.7760814249 0.4927466151 0.0159033079 0.0541586074
2 0.7830788804 0.4903288201 0.0159033079 0.0565764023
2 0.7958015267 0.4912959381 0.0197201018 0.0565764023
2 0.8142493639 0.4898452611 0.0222646310 0.0628626692
2 0.8435114504 0.4883945841 0.0432569975 0.0807543520
