2 0.6292768717 0.4833026230 0.0581100583 0.1522031128
2 0.5818000436 0.4882941544 0.0578519590 0.1438842118
1 0.2955750823 0.5371475816 0.0764207318 0.0955775380
0 0.3374873996 0.5969091654 0.0498048440 0.0379453599
3 0.2942111959 0.5585106383 0.5884223919 0.0348162476
2 0.2207379135 0.4864603482 0.0413486005 0.1228239845
2 0.2550890585 0.4806576402 0.0483460560 0.1344294004
2 0.3034351145 0.4859767892 0.0636132316 0.1266924565
2 0.4357506361 0.4850096712 0.0731552163 0.1658607350
2 0.4974554707 0.4893617021 0.0566157761 0.1266924565
2 0.5330788804 0.4854932302 0.0413486005 0.1305609284
2 0.6793893130 0.4941972921 0.0559796438 0.1266924565
2 0.7525445293 0.4714700193 0.0419847328 0.0464216634
2 0.7818066158 0.4719535783 0.0400763359 0.0454545455
2 0.9166666667 0.4879110251 0.0578880407 0.1363636364
