4 0.6240521669 0.4952477813 0.0169399958 0.0176178645
1 0.5604215860 0.5186719298 0.0413760915 0.0475753658
1 0.6187728047 0.5130306482 0.0288181361 0.0300878268
1 0.6028454304 0.5239977241 0.0539015383 0.0557770841
4 0.6981999278 0.5020199418 0.0162498672 0.0308482144
1 0.6751094460 0.5062490106 0.0278039258 0.0219325311
1 0.8517063856 0.5104874372 0.0265163798 0.0325721651
1 0.9310049415 0.5943207145 0.1341945827 0.2079678327
0 0.7723270440 0.5172084130 0.0138364780 0.0095602294
1 0.7830188679 0.5086042065 0.0182389937 0.0258126195
2 0.2704402516 0.4909177820 0.0257861635 0.0621414914
2 0.2949685535 0.4890057361 0.0301886792 0.0544933078
2 0.9446540881 0.4904397706 0.0207547170 0.0511472275
2 0.9647798742 0.4861376673 0.0169811321 0.0368068834
2 0.9883647799 0.4923518164 0.0232704403 0.0611854685
