1 0.0170869277 0.4972264246 0.0341738553 0.0595057993
1 0.0564034506 0.4962178517 0.0351692104 0.0393343419
4 0.4844876230 0.4794070423 0.0147875836 0.0349305943
1 0.5090884566 0.4842717648 0.0311535560 0.0234203059
2 0.6005471956 0.4651767152 0.1682626539 0.3243243243
0 0.2482637018 0.5083497167 0.0230528340 0.0175458062
1 0.4436394274 0.5014349222 0.0566029288 0.0646650940
1 0.9370601773 0.5014458299 0.0378497951 0.0396379009
0 0.5105091333 0.7920904160 0.1502193511 0.1050455570
1 0.1857996019 0.4866364095 0.0185799602 0.0237014624
