1 0.0172528202 0.4962178517 0.0345056403 0.0635400908
1 0.0590577306 0.4936964196 0.0318513603 0.0363086233
4 0.4843393564 0.4798864722 0.0153392768 0.0366898850
2 0.5461999178 0.4716235399 0.1225407869 0.2083039880
1 0.6048732996 0.4926578701 0.0361840762 0.0421524309
0 0.2486274540 0.5084989071 0.0242488626 0.0167570002
0 0.5889609456 0.5058295131 0.0157903023 0.0158618521
1 0.9367860556 0.5014499426 0.0359749161 0.0401895717
0 0.5105109215 0.7920633554 0.1497462541 0.1046907827
1 0.1864631719 0.4871406959 0.0258792303 0.0252143217
