1 0.0195753152 0.4972264246 0.0391506304 0.0544629349
1 0.1871267419 0.4871406959 0.0238885202 0.0257186082
1 0.4083715379 0.4885163605 0.0302552879 0.0330536254
4 0.4843951166 0.4777896404 0.0128800888 0.0288070142
4 0.5531900525 0.4822909832 0.0144734560 0.0350342020
2 0.6046511628 0.4646569647 0.0547195622 0.1127858628
1 0.5783767104 0.4925090075 0.0270245131 0.0349979587
2 0.6751025992 0.4708939709 0.0321477428 0.0634095634
1 0.5036785603 0.5285509229 0.1045852304 0.1204755157
0 0.5813953488 0.5046777547 0.0198358413 0.0150727651
0 0.5973598361 0.5224261284 0.0260827150 0.0204276182
1 0.9365426898 0.5014282465 0.0348814055 0.0397589915
0 0.5106719732 0.7920907140 0.1501589119 0.1054827347
1 0.0641607259 0.4985221675 0.0557355800 0.0423645320
