1 0.1456908345 0.4958419958 0.0300957592 0.0322245322
2 0.1092631146 0.4776872694 0.0974847451 0.1711633056
1 0.2472820878 0.4976687133 0.0289529953 0.0307022240
1 0.0167993046 0.5012688637 0.0335986093 0.0447696783
1 0.2164059281 0.5017768741 0.0377874784 0.0421820618
0 0.3637049794 0.5223296881 0.0246318635 0.0179703906
1 0.4327007234 0.5021218061 0.0334995054 0.0354246572
4 0.5950113535 0.5043527484 0.0288045835 0.0840129182
1 0.6604018146 0.5049261084 0.0317563189 0.0482758621
1 0.5405055087 0.5088669951 0.0375891121 0.0492610837
1 0.5690213869 0.5088669951 0.0421257291 0.0536945813
1 0.9272521063 0.7901477833 0.1454957874 0.1931034483
