1 0.0159256802 0.4982349975 0.0318513603 0.0590015129
1 0.0590577306 0.4957135653 0.0278699403 0.0373171962
4 0.4845374227 0.4798050225 0.0150732892 0.0357553139
2 0.5492476060 0.4719334719 0.1128590971 0.2068607069
1 0.6049405932 0.4925208688 0.0363610834 0.0425799936
0 0.2486818433 0.5083724260 0.0242350157 0.0169891249
0 0.5889192886 0.5051975052 0.0136798906 0.0155925156
1 0.9368804693 0.5015378594 0.0356975049 0.0394661054
0 0.5102283955 0.7920630574 0.1505273879 0.1045334935
1 0.1857996019 0.4876449823 0.0218978102 0.0242057489
