1 0.0178674608 0.4960081577 0.0231071394 0.0316248089
2 0.0362517100 0.4812889813 0.0198358413 0.0410602911
1 0.1744093895 0.4972390532 0.0263247974 0.0317061879
1 0.1257079840 0.5002983809 0.0381632410 0.0375551209
0 0.1720867604 0.5062471628 0.0170328505 0.0122690657
1 0.3744313419 0.5071878433 0.0452836156 0.0468957908
1 0.5640251637 0.5089287758 0.0435156412 0.0529723018
4 0.5956434011 0.5025653839 0.0281301066 0.0833319202
1 0.9278385773 0.7869022869 0.1443228454 0.1876299376
1 0.6615792966 0.5088250126 0.0305242203 0.0363086233
