2 0.0921736285 0.4921282530 0.0375445411 0.0694470853
2 0.0415525213 0.4916639030 0.0302234609 0.0664990842
2 0.2644059062 0.4963989854 0.0306956135 0.0702858567
2 0.2433769256 0.4934005439 0.0487671755 0.0911184847
2 0.3114579022 0.4973187745 0.0381571651 0.0677361712
2 0.3946191967 0.4971276224 0.0272360127 0.0554060228
0 0.2670801580 0.5281181335 0.0200653486 0.0163889267
1 0.3710706830 0.5177456737 0.0372038670 0.0439671800
0 0.7888601036 0.5273264402 0.0207253886 0.0142786805
2 0.1560880829 0.4894140817 0.0259067358 0.0595765633
2 0.1800518135 0.4908911866 0.0272020725 0.0600689316
2 0.2072538860 0.4903988183 0.0200777202 0.0600689316
2 0.4863989637 0.4938453964 0.0284974093 0.0472673560
2 0.7713730570 0.5007385524 0.0252590674 0.0452978828
