2 0.1343283582 0.4962999507 0.0402336145 0.0853478046
2 0.0209279689 0.4898865318 0.0418559377 0.1110014800
2 0.2245295263 0.4879131722 0.0369889682 0.0365071534
2 0.2991563920 0.5111001480 0.0480207657 0.0562407499
2 0.4101232966 0.4977799704 0.0356911097 0.0794277257
2 0.4555483452 0.4967932906 0.0499675535 0.0843611248
0 0.4730694354 0.5323137642 0.0201168073 0.0138135175
1 0.4970798183 0.5273803651 0.0486696950 0.0572274297
1 0.5820895522 0.5224469660 0.0408825438 0.0498273310
4 0.8280337443 0.5155402072 0.0227125243 0.0596941293
4 0.9390006489 0.5165268870 0.0194678780 0.0621608288
1 0.8624269955 0.5229403059 0.0434782609 0.0409472126
1 0.9831278391 0.5357671436 0.0324464633 0.0641341885
