2 0.0934458144 0.4972866305 0.0395846853 0.0878145042
2 0.1953277093 0.4933399112 0.0499675535 0.0986679822
2 0.2537313433 0.5002466700 0.0421804023 0.0937345831
2 0.3478260870 0.4869264924 0.0480207657 0.0370004933
2 0.4399740428 0.5135668476 0.0473718365 0.0705476073
2 0.5042180402 0.4869264924 0.0707332901 0.1302417366
0 0.5463984426 0.5599407992 0.0292018170 0.0222002960
1 0.4931862427 0.5382338431 0.0700843608 0.0809077454
1 0.6093445814 0.5337937839 0.0597014925 0.0720276270
1 0.3329007138 0.5288603848 0.0512654121 0.0552540701
