2 0.1051265412 0.4972866305 0.0551589877 0.0616674889
2 0.0668397145 0.5041933892 0.0343932511 0.0478539714
1 0.2147955873 0.5219536260 0.0467229072 0.0552540701
1 0.3030499676 0.5170202269 0.0402336145 0.0498273310
2 0.3939000649 0.4962999507 0.0454250487 0.0646275284
0 0.3900064893 0.5224469660 0.0136275146 0.0118401579
1 0.4529526282 0.5150468673 0.0311486048 0.0370004933
1 0.5022712524 0.5125801677 0.0356911097 0.0320670942
4 0.4892926671 0.5081401085 0.0188189487 0.0463739517
4 0.5827384815 0.5081401085 0.0149253731 0.0478539714
1 0.6839714471 0.5209669462 0.0363400389 0.0444005920
