2 0.4460940000 0.5020830000 0.0343750000 0.0513890000
1 0.5242190000 0.5131940000 0.0312500000 0.0402780000
4 0.7410772226 0.5076467686 0.0149253731 0.0379871732
4 0.8157040883 0.5086334484 0.0162232317 0.0414405525
2 0.2673588579 0.4814997533 0.0356911097 0.0409472126
2 0.3127839066 0.4967932906 0.0266060999 0.0537740503
2 0.4205061648 0.5046867292 0.0311486048 0.0399605328
2 0.1622323167 0.4810064134 0.0304996755 0.0384805131
2 0.1005840363 0.4800197336 0.0285528877 0.0419338925
1 0.1700194679 0.5944745930 0.1576898118 0.2136161815
1 0.3724853991 0.5476073014 0.0908500973 0.1095214603
0 0.5418559377 0.6221016280 0.0603504218 0.0483473113
1 0.6307592472 0.5485939813 0.0895522388 0.1080414406
1 0.7053861129 0.5318204243 0.0577547047 0.0690675876
1 0.7728747567 0.5135668476 0.0330953926 0.0291070548
1 0.8838416613 0.5189935866 0.0317975341 0.0389738530
