3 0.1035160000 0.5631940000 0.1929690000 0.0958330000
2 0.2757949384 0.4859398125 0.0681375730 0.1854958066
2 0.0129785853 0.4400592008 0.0259571707 0.0838677849
2 0.3841661259 0.4977799704 0.0317975341 0.0878145042
2 0.3205710578 0.4918598915 0.0538611291 0.0330537741
2 0.4237508112 0.4962999507 0.0337443219 0.0754810064
1 0.5022712524 0.5293537247 0.0532121999 0.0626541687
0 0.5353666450 0.5347804637 0.0201168073 0.0143068574
1 0.5412070084 0.5204736063 0.0363400389 0.0444005920
1 0.7170668397 0.5298470646 0.0538611291 0.0616674889
1 0.7878001298 0.5165268870 0.0395846853 0.0340404539
4 0.8520441272 0.5115934879 0.0175210902 0.0468672916
4 0.7663854640 0.5106068081 0.0194678780 0.0488406512
