2 0.0110317975 0.4765663542 0.0220635951 0.0281203749
2 0.0785160000 0.4965280000 0.0242190000 0.0625000000
2 0.0386720000 0.4944440000 0.0195310000 0.0611110000
2 0.1253910000 0.4951390000 0.0257810000 0.0625000000
2 0.1859370000 0.4965280000 0.0265630000 0.0597220000
2 0.2491888384 0.4928465713 0.0272550292 0.0222002960
2 0.3402340000 0.4937500000 0.0242190000 0.0652780000
2 0.3613280000 0.4965280000 0.0164060000 0.0541670000
2 0.0574220000 0.5000000000 0.0195310000 0.0527780000
2 0.2991563920 0.5056734090 0.0292018170 0.0335471140
1 0.4555483452 0.5199802664 0.0376378975 0.0448939319
1 0.5340687865 0.5155402072 0.0324464633 0.0365071534
1 0.5678131084 0.5214602861 0.0389357560 0.0458806117
4 0.6515249838 0.5101134682 0.0162232317 0.0448939319
1 0.6645035691 0.5145535274 0.0285528877 0.0310804144
4 0.7358857884 0.5115934879 0.0194678780 0.0493339911
1 0.8390655419 0.5865811544 0.1395197923 0.1810557474
0 0.5203308063 0.5243583028 0.0103376981 0.0110005238
