4 0.6683971447 0.5106068081 0.0175210902 0.0503206709
4 0.7696301103 0.5125801677 0.0175210902 0.0503206709
2 0.2089552239 0.5056734090 0.0382868267 0.0513073508
2 0.2498377677 0.4987666502 0.0512654121 0.0611741490
2 0.2861778066 0.4913665516 0.0376378975 0.0833744450
2 0.0668397145 0.4967932906 0.0408825438 0.0804144055
1 0.4983776768 0.5160335471 0.0363400389 0.0389738530
0 0.5541855938 0.5328071041 0.0181700195 0.0152935372
1 0.5671641791 0.5303404045 0.0558079169 0.0670942279
1 0.6022063595 0.5224469660 0.0369889682 0.0394671929
1 0.7034393251 0.5288603848 0.0480207657 0.0582141095
