2 0.1097660000 0.4965280000 0.0195310000 0.0597220000
2 0.2597660000 0.4979170000 0.0273440000 0.0569440000
2 0.0532121999 0.4805130735 0.0304996755 0.0296003947
2 0.0817650876 0.4810064134 0.0246593121 0.0345337938
2 0.1317326411 0.4908732116 0.0194678780 0.0207202763
2 0.1550940947 0.4844597928 0.0253082414 0.0350271337
2 0.1979234263 0.4874198323 0.0266060999 0.0315737543
2 0.3238157041 0.4933399112 0.0272550292 0.0251603355
2 0.3763789747 0.5071534287 0.0337443219 0.0340404539
2 0.4172615185 0.4948199309 0.0246593121 0.0626541687
2 0.4386761843 0.4943265910 0.0201168073 0.0616674889
1 0.5360155743 0.5199802664 0.0350421804 0.0439072521
0 0.5457495133 0.5239269857 0.0123296561 0.0118401579
1 0.6138870863 0.5180069068 0.0324464633 0.0340404539
1 0.6515249838 0.5219536260 0.0447761194 0.0483473113
1 0.7488643738 0.5155402072 0.0298507463 0.0330537741
4 0.8176508761 0.5111001480 0.0188189487 0.0488406512
4 0.7332900714 0.5101134682 0.0155743024 0.0473606315
1 0.9292667099 0.5994079921 0.1395197923 0.2091761223
