2 0.0681375730 0.5056734090 0.0402336145 0.0473606315
2 0.1057754705 0.4972866305 0.0519143413 0.0596941293
2 0.4445165477 0.4958066108 0.0356911097 0.0685742477
1 0.2154445165 0.5214602861 0.0467229072 0.0557474100
1 0.3030499676 0.5185002467 0.0402336145 0.0473606315
0 0.3530175211 0.5185002467 0.0162232317 0.0123334978
1 0.4523036989 0.5160335471 0.0317975341 0.0399605328
1 0.5016223232 0.5135668476 0.0376378975 0.0340404539
4 0.4892926671 0.5081401085 0.0181700195 0.0488406512
4 0.5827384815 0.5081401085 0.0162232317 0.0483473113
1 0.6852693056 0.5214602861 0.0402336145 0.0478539714
