2 0.0992190000 0.5000000000 0.0390620000 0.0944440000
2 0.1946787800 0.4943265910 0.0512654121 0.1006413419
2 0.2563270604 0.5012333498 0.0363400389 0.0957079428
2 0.3510707333 0.4893931919 0.0428293316 0.0453872718
2 0.4438676184 0.5115934879 0.0376378975 0.0720276270
2 0.4834523037 0.4918598915 0.0629461389 0.1302417366
2 0.5321219987 0.4918598915 0.0512654121 0.0626541687
1 0.6145360156 0.5352738037 0.0661907852 0.0740009867
1 0.4970798183 0.5372471633 0.0739779364 0.0799210656
0 0.5243348475 0.5500740010 0.0201168073 0.0202269364
