2 0.1863280000 0.4805560000 0.0382810000 0.0611110000
2 0.4136720000 0.4986110000 0.0445310000 0.0638890000
2 0.0875000000 0.5020830000 0.0343750000 0.0652780000
2 0.1207030000 0.5048610000 0.0382810000 0.0736110000
2 0.3753910000 0.5062500000 0.0257810000 0.0541670000
2 0.0214146658 0.4765663542 0.0304996755 0.0532807104
2 0.0532121999 0.4785397139 0.0356911097 0.0508140109
2 0.2459441921 0.5007400099 0.0454250487 0.0705476073
2 0.3277092797 0.4893931919 0.0330953926 0.0276270350
1 0.2342634653 0.5323137642 0.0681375730 0.0774543661
0 0.5223880597 0.5377405032 0.0188189487 0.0152935372
1 0.5327709280 0.5224469660 0.0402336145 0.0488406512
4 0.7767683323 0.5125801677 0.0175210902 0.0488406512
4 0.8676184296 0.5111001480 0.0201168073 0.0448939319
1 0.8105126541 0.5175135668 0.0402336145 0.0335471140
1 0.8559377028 0.5263936852 0.0408825438 0.0498273310
1 0.9759896171 0.5263936852 0.0421804023 0.0473606315
