2 0.0850097339 0.4948199309 0.0292018170 0.0207202763
2 0.1576898118 0.4933399112 0.0279039585 0.0592007893
2 0.1349772875 0.4958066108 0.0279039585 0.0582141095
1 0.0940947437 0.5199802664 0.0350421804 0.0414405525
4 0.4918883842 0.5111001480 0.0220635951 0.0567340898
4 0.5970149254 0.5027133695 0.0214146658 0.0409472126
1 0.6242699546 0.5510606808 0.0856586632 0.1075481006
0 0.5109380000 0.9715280000 0.2562500000 0.0569440000
1 0.5561868687 0.5201535509 0.0505050505 0.0436660269
1 0.5864898990 0.5302303263 0.0568181818 0.0647792706
