2 0.1265630000 0.4916670000 0.0468750000 0.0916670000
2 0.1960940000 0.4972220000 0.0421880000 0.0861110000
2 0.4042970000 0.4979170000 0.0554690000 0.0708330000
2 0.0339840000 0.5041670000 0.0367190000 0.0750000000
0 0.5253910000 0.5486110000 0.0148440000 0.0222220000
2 0.2920181700 0.4884065121 0.0382868267 0.0300937346
2 0.3627514601 0.5081401085 0.0395846853 0.0557474100
1 0.3316028553 0.5328071041 0.0648929267 0.0799210656
1 0.4964308890 0.5303404045 0.0622972096 0.0695609275
4 0.8475016223 0.5130735076 0.0188189487 0.0552540701
4 0.9519792343 0.5150468673 0.0175210902 0.0577207696
1 0.8955223881 0.5259003453 0.0395846853 0.0522940306
1 0.8747566515 0.5189935866 0.0428293316 0.0389738530
