2 0.0415314731 0.4918598915 0.0304996755 0.0715342871
2 0.0850097339 0.4908732116 0.0311486048 0.0601874692
4 0.3822193381 0.4987666502 0.0136275146 0.0350271337
1 0.1239454899 0.5189935866 0.0382868267 0.0522940306
1 0.3796236210 0.5170202269 0.0395846853 0.0468672916
1 0.4198572356 0.5111001480 0.0363400389 0.0281203749
4 0.4737183647 0.5056734090 0.0149253731 0.0453872718
1 0.5100584036 0.5145535274 0.0337443219 0.0384805131
1 0.9850746269 0.5732609768 0.0285528877 0.0690675876
0 0.5062500000 0.9736110000 0.2312500000 0.0527780000
