2 0.6359506814 0.5037000493 0.0421804023 0.0582141095
2 0.6833225178 0.5017266897 0.0350421804 0.0567340898
2 0.7527579494 0.5012333498 0.0285528877 0.0700542674
2 0.8332251785 0.5027133695 0.0246593121 0.0547607301
2 0.8650227125 0.5125801677 0.0311486048 0.0468672916
2 0.8948734588 0.5120868278 0.0337443219 0.0508140109
2 0.9493835172 0.5106068081 0.0363400389 0.0557474100
4 0.3835171966 0.5170202269 0.0337443219 0.0848544647
1 0.4568462038 0.5273803651 0.0622972096 0.0567340898
4 0.5353666450 0.5165268870 0.0292018170 0.0804144055
0 0.5360155743 0.5643808584 0.0317975341 0.0261470153
1 0.5859831278 0.5392205229 0.0648929267 0.0799210656
