2 0.1789060000 0.4805560000 0.0750000000 0.1916670000
1 0.2417970000 0.5236110000 0.0367190000 0.0527780000
1 0.6812500000 0.5194440000 0.0359370000 0.0500000000
3 0.0738280000 0.5777780000 0.1476560000 0.0611110000
2 0.0438981563 0.4716477652 0.0474100088 0.0767178119
0 0.3371378402 0.6084056037 0.0368744513 0.0413609073
4 0.5961369622 0.5083388926 0.0184372256 0.0460306871
4 0.6781310837 0.5022200296 0.0123296561 0.0300937346
1 0.6385463984 0.5135668476 0.0343932511 0.0305870745
1 0.7151200519 0.6127281697 0.1868916288 0.2382831771
1 0.8299805321 0.5411938826 0.0681375730 0.0907745437
2 0.2433484750 0.4854464726 0.0460739779 0.0448939319
1 0.4756651525 0.5283670449 0.0584036340 0.0656142082
1 0.2816353018 0.5712876172 0.1258922777 0.1578687716
