2 0.4464633355 0.4884065121 0.0240103829 0.0256536754
2 0.4976560000 0.4972220000 0.0203120000 0.0527780000
2 0.5847660000 0.4965280000 0.0242190000 0.0597220000
2 0.7027903958 0.4938332511 0.0330953926 0.0226936359
2 0.8269530000 0.4979170000 0.0257810000 0.0625000000
2 0.5566410000 0.5000000000 0.0320310000 0.0527780000
1 0.7566515250 0.5224469660 0.0369889682 0.0394671929
2 0.8625000000 0.5020830000 0.0281250000 0.0652780000
1 0.1031797534 0.5905278737 0.1408176509 0.1933892452
0 0.6456846204 0.9531327084 0.2083062946 0.0927479033
2 0.7607323232 0.4980806142 0.0296717172 0.0182341651
