4 0.4029850746 0.4972866305 0.0188189487 0.0305870745
2 0.9428942245 0.4948199309 0.0441271901 0.1134681796
4 0.2946138871 0.5061667489 0.0194678780 0.0522940306
1 0.3562621674 0.5135668476 0.0402336145 0.0389738530
1 0.3939000649 0.5254070054 0.0538611291 0.0626541687
1 0.5003244646 0.5165268870 0.0369889682 0.0458806117
1 0.5405580792 0.5288603848 0.0584036340 0.0690675876
0 0.5243348475 0.5313270844 0.0162232317 0.0162802171
1 0.6086956522 0.5189935866 0.0356911097 0.0389738530
1 0.9091499027 0.5313270844 0.0467229072 0.0636408485
