1 0.2160934458 0.6413418846 0.2225827385 0.3048840651
2 0.0882543803 0.4800197336 0.0304996755 0.0419338925
2 0.1200519143 0.4800197336 0.0292018170 0.0389738530
2 0.2310188189 0.4800197336 0.0415314731 0.0409472126
2 0.2803374432 0.4992599901 0.0350421804 0.0601874692
2 0.4205061648 0.4997533300 0.0428293316 0.0453872718
2 0.3964957820 0.5051800691 0.0428293316 0.0374938333
2 0.3504218040 0.4918598915 0.0214146658 0.0236803157
1 0.3621025308 0.5382338431 0.0765736535 0.0912678836
0 0.5243348475 0.5441539221 0.0246593121 0.0192402565
1 0.5223880597 0.5180069068 0.0363400389 0.0394671929
4 0.7384815055 0.5096201283 0.0155743024 0.0399605328
4 0.8157040883 0.5106068081 0.0175210902 0.0414405525
1 0.7741726152 0.5283670449 0.0447761194 0.0557474100
1 0.8883841661 0.5204736063 0.0363400389 0.0399605328
1 0.9402985075 0.5855944746 0.1174561973 0.1766156882
