2 0.0661907852 0.4923532314 0.0460739779 0.1129748397
2 0.1836469825 0.4962999507 0.0441271901 0.0863344845
2 0.2796885140 0.4884065121 0.0415314731 0.0330537741
2 0.3426346528 0.5096201283 0.0402336145 0.0582141095
2 0.3770279040 0.4918598915 0.0694354315 0.1238283177
2 0.4633354964 0.4953132708 0.0337443219 0.0730143069
0 0.5587280986 0.5352738037 0.0175210902 0.0152935372
1 0.5768981181 0.5313270844 0.0519143413 0.0601874692
1 0.6268656716 0.5224469660 0.0382868267 0.0483473113
1 0.8922777417 0.5199802664 0.0330953926 0.0394671929
4 0.9753406879 0.5140601875 0.0188189487 0.0582141095
4 0.8695652174 0.5140601875 0.0175210902 0.0582141095
