2 0.7975340688 0.4987666502 0.0376378975 0.0858411445
4 0.2634652823 0.5091267884 0.0194678780 0.0508140109
4 0.3517196626 0.5086334484 0.0168721609 0.0473606315
1 0.3114860480 0.5135668476 0.0298507463 0.0315737543
1 0.3867618430 0.5214602861 0.0428293316 0.0488406512
0 0.4659312135 0.5278737050 0.0142764439 0.0118401579
1 0.4938351720 0.5234336458 0.0389357560 0.0508140109
1 0.5133030500 0.5347804637 0.0558079169 0.0769610261
1 0.6041531473 0.5194869265 0.0350421804 0.0414405525
1 0.6982478910 0.5209669462 0.0369889682 0.0419338925
