2 0.1051265412 0.4987666502 0.0460739779 0.0587074494
2 0.3636720000 0.4923610000 0.0445310000 0.0847220000
2 0.0713822193 0.5056734090 0.0421804023 0.0468672916
1 0.2154445165 0.5224469660 0.0415314731 0.0532807104
1 0.3030499676 0.5170202269 0.0402336145 0.0493339911
1 0.4523036989 0.5155402072 0.0304996755 0.0370004933
1 0.5022712524 0.5125801677 0.0343932511 0.0320670942
4 0.4886437378 0.5081401085 0.0155743024 0.0508140109
4 0.5840363400 0.5101134682 0.0155743024 0.0483473113
1 0.6846203764 0.5204736063 0.0395846853 0.0453872718
0 0.3822193381 0.5278737050 0.0155743024 0.0157868772
