2 0.0181700195 0.4923532314 0.0363400389 0.1149481993
2 0.1343283582 0.4933399112 0.0454250487 0.1021213616
2 0.2212848799 0.4874198323 0.0350421804 0.0340404539
2 0.2907203115 0.5115934879 0.0447761194 0.0552540701
2 0.4055807917 0.4977799704 0.0298507463 0.0789343858
2 0.4218040234 0.4943265910 0.0726800779 0.1021213616
1 0.4925373134 0.5278737050 0.0499675535 0.0592007893
0 0.5042180402 0.5352738037 0.0123296561 0.0152935372
1 0.5762491888 0.5234336458 0.0382868267 0.0478539714
1 0.8572355613 0.5209669462 0.0434782609 0.0399605328
1 0.9805321220 0.5342871238 0.0376378975 0.0651208683
4 0.8234912395 0.5150468673 0.0194678780 0.0577207696
4 0.9331602855 0.5170202269 0.0194678780 0.0592007893
