2 0.8669695003 0.4657128762 0.1550940947 0.1741489887
0 0.8254380273 0.5540207203 0.0460739779 0.0414405525
2 0.7151200519 0.4760730143 0.0408825438 0.0769610261
2 0.7644386762 0.4701529354 0.0415314731 0.0868278244
2 0.6593121350 0.4573260977 0.0317975341 0.0256536754
2 0.6359506814 0.4726196349 0.0311486048 0.0730143069
2 0.5976638546 0.4543660582 0.0311486048 0.0414405525
2 0.5567813108 0.4553527380 0.0311486048 0.0453872718
2 0.3549643089 0.4750863345 0.0324464633 0.0656142082
2 0.1271901363 0.4780463740 0.0369889682 0.0680809077
2 0.2485399091 0.4736063148 0.0369889682 0.0774543661
2 0.4114211551 0.4814997533 0.0480207657 0.0508140109
2 0.4743672940 0.4829797731 0.0441271901 0.0532807104
