2 0.0681375730 0.4770596941 0.0415314731 0.1184015787
2 0.1323815704 0.4933399112 0.0558079169 0.1129748397
2 0.2238805970 0.4948199309 0.0947436729 0.1361618155
2 0.4088254380 0.4356191416 0.0635950681 0.0789343858
2 0.4308890331 0.4592994573 0.0759247242 0.0646275284
2 0.4957819598 0.4361124815 0.0635950681 0.0907745437
2 0.5295262816 0.4943265910 0.0655418559 0.1539220523
2 0.5853341986 0.4745929946 0.0726800779 0.1672422299
2 0.6554185594 0.4958066108 0.0902011681 0.1578687716
2 0.7462686567 0.4395658609 0.0785204413 0.0922545634
2 0.7222582738 0.4992599901 0.0707332901 0.1499753330
2 0.8371187541 0.4701529354 0.0733290071 0.1756290084
