3 0.5066410000 0.5569440000 0.9476560000 0.1388890000
2 0.1596365996 0.4800197336 0.0584036340 0.1805624075
2 0.0525632706 0.4982733103 0.0772225827 0.1460286137
2 0.2212848799 0.4992599901 0.0785204413 0.1628021707
2 0.3024010383 0.5022200296 0.0856586632 0.1672422299
2 0.3848150552 0.4755796744 0.0694354315 0.1771090281
2 0.4639844257 0.5022200296 0.0837118754 0.1672422299
2 0.5730045425 0.4701529354 0.0512654121 0.1608288111
2 0.5327709280 0.5012333498 0.0700843608 0.1697089295
2 0.6722907203 0.4982733103 0.0902011681 0.1554020720
2 0.7332900714 0.5022200296 0.0629461389 0.1420818944
2 0.8014276444 0.4716329551 0.1038286827 0.1563887519
2 0.8909798832 0.4810064134 0.0597014925 0.1317217563
2 0.6813757300 0.4247656635 0.0681375730 0.0749876665
