3 0.1328120000 0.5236110000 0.2468750000 0.1750000000
3 0.8476560000 0.5631940000 0.2921880000 0.1375000000
3 0.4734370000 0.5923610000 0.1421880000 0.0541670000
2 0.3400389358 0.4523926986 0.1966255678 0.4099654662
2 0.0882543803 0.4617661569 0.0447761194 0.0522940306
2 0.1051265412 0.4962999507 0.0571057755 0.1253083374
2 0.1901362751 0.4765663542 0.0739779364 0.1445485940
2 0.6314081765 0.4459792797 0.1278390655 0.0828811051
2 0.8500973394 0.5115934879 0.1083711875 0.1667488900
2 0.9594419208 0.4869264924 0.0811161583 0.1963492847
2 0.4289422453 0.4800197336 0.0759247242 0.1933892452
1 0.6171317326 0.5791810557 0.1557430240 0.1539220523
