2 0.6386720000 0.4770830000 0.0335940000 0.0819440000
2 0.7156250000 0.4756940000 0.0468750000 0.0902780000
2 0.8382810000 0.4645830000 0.1484380000 0.3152780000
0 0.9261720000 0.5909720000 0.0523440000 0.0569440000
2 0.3530175211 0.4750863345 0.0311486048 0.0680809077
2 0.4159636600 0.4814997533 0.0467229072 0.0488406512
2 0.4763140818 0.4819930932 0.0506164828 0.0527873705
2 0.3763789747 0.4706462753 0.0337443219 0.0276270350
2 0.1181051265 0.4750863345 0.0551589877 0.0710409472
2 0.2543802726 0.4750863345 0.0395846853 0.0744943266
2 0.5561323816 0.4588061174 0.0292018170 0.0458806117
2 0.5846852693 0.4588061174 0.0311486048 0.0488406512
2 0.6099935107 0.4662062161 0.0292018170 0.0335471140
2 0.6651524984 0.4666995560 0.0389357560 0.0335471140
2 0.6950032446 0.4711396152 0.0330953926 0.0305870745
2 0.7631408177 0.4731129748 0.0447761194 0.0897878638
2 0.9415963660 0.4652195363 0.0317975341 0.0325604341
