4 0.0129785853 0.5318204243 0.0259571707 0.1840157869
1 0.0558079169 0.5495806611 0.0824140169 0.1149481993
1 0.2258273848 0.5461272817 0.0746268657 0.0981746423
2 0.6417910448 0.4824864332 0.2965606749 0.5165268870
0 0.6294613887 0.6497286630 0.0694354315 0.0547607301
4 0.1044776119 0.5185002467 0.0317975341 0.1139615195
4 0.9759896171 0.5155402072 0.0129785853 0.0384805131
1 0.9682024659 0.5254070054 0.0285528877 0.0370004933
1 0.9922128488 0.5244203256 0.0155743024 0.0330537741
1 0.8007787151 0.5209669462 0.0227125243 0.0276270350
2 0.2277741726 0.4810064134 0.0253082414 0.0458806117
2 0.2628163530 0.5061667489 0.0304996755 0.0429205723
2 0.1505515899 0.5012333498 0.0279039585 0.0498273310
2 0.2972096042 0.5076467686 0.0304996755 0.0453872718
2 0.3543153796 0.4958066108 0.0233614536 0.0212136162
2 0.3770279040 0.4958066108 0.0272550292 0.0197335964
2 0.4036340039 0.4879131722 0.0220635951 0.0300937346
2 0.4237508112 0.4893931919 0.0194678780 0.0167735570
2 0.4328358209 0.4977799704 0.0253082414 0.0197335964
2 0.4587929916 0.4913665516 0.0253082414 0.0305870745
2 0.4834523037 0.4958066108 0.0227125243 0.0212136162
2 0.5107073329 0.4982733103 0.0214146658 0.0222002960
