2 0.3761720000 0.5027780000 0.4851560000 0.6805560000
1 0.0584036340 0.5481006413 0.0811161583 0.1139615195
1 0.2277741726 0.5461272817 0.0843608047 0.0976813024
0 0.2933160286 0.6798223976 0.0785204413 0.0626541687
4 0.0163854640 0.5337937839 0.0327709280 0.1785890479
4 0.1096690461 0.5185002467 0.0402336145 0.1149481993
2 0.7092796885 0.5056734090 0.0350421804 0.0414405525
2 0.6852693056 0.5120868278 0.0246593121 0.0325604341
2 0.5528877352 0.4893931919 0.0233614536 0.0291070548
2 0.5081116158 0.4987666502 0.0188189487 0.0212136162
2 0.4860480208 0.4982733103 0.0246593121 0.0222002960
2 0.1499026606 0.5002466700 0.0253082414 0.0552540701
2 0.2271252433 0.4810064134 0.0292018170 0.0404538727
2 0.2641142116 0.5071534287 0.0356911097 0.0404538727
1 0.8001297859 0.5214602861 0.0253082414 0.0281203749
1 0.9682024659 0.5263936852 0.0298507463 0.0379871732
1 0.9922128488 0.5244203256 0.0155743024 0.0355204736
4 0.9766385464 0.5175135668 0.0168721609 0.0384805131
