2 0.2310188189 0.4923532314 0.0220635951 0.0656142082
2 0.2634652823 0.5076467686 0.0324464633 0.0404538727
2 0.2985074627 0.5071534287 0.0304996755 0.0468672916
2 0.3796236210 0.4958066108 0.0253082414 0.0226936359
2 0.4068786502 0.4888998520 0.0240103829 0.0335471140
2 0.4302401038 0.4918598915 0.0253082414 0.0296003947
2 0.4594419208 0.4923532314 0.0285528877 0.0296003947
2 0.4860480208 0.4972866305 0.0233614536 0.0197335964
2 0.5081116158 0.4997533300 0.0201168073 0.0202269364
2 0.5515898767 0.4913665516 0.0279039585 0.0365071534
2 0.5911745620 0.5041933892 0.0233614536 0.0468672916
2 0.7092796885 0.5071534287 0.0317975341 0.0389738530
2 0.6839714471 0.5096201283 0.0272550292 0.0350271337
2 0.6534717716 0.5012333498 0.0272550292 0.0202269364
4 0.1070733290 0.5170202269 0.0343932511 0.1080414406
4 0.0141142116 0.5298470646 0.0282284231 0.1761223483
1 0.0590525633 0.5481006413 0.0759247242 0.1105081401
1 0.2258273848 0.5446472620 0.0746268657 0.0966946226
0 0.5983127839 0.6546620622 0.0733290071 0.0562407499
1 0.7994808566 0.5209669462 0.0259571707 0.0296003947
1 0.9688513952 0.5263936852 0.0304996755 0.0379871732
1 0.9925373134 0.5244203256 0.0149253731 0.0325604341
4 0.9766385464 0.5165268870 0.0116807268 0.0384805131
