2 0.1664621532 0.4842580855 0.0384265184 0.0868669748
4 0.7071788413 0.4968884634 0.0176322418 0.0502632839
4 0.8091939547 0.4964097654 0.0163727960 0.0526567736
1 0.0925692695 0.5414073719 0.0806045340 0.1105792245
1 0.4520323873 0.5264404416 0.0583491400 0.0852365196
1 0.6687657431 0.5055050263 0.0352644836 0.0421254189
1 0.7795969773 0.5016754428 0.0403022670 0.0402106271
1 0.1341309824 0.6022020105 0.0018891688 0.0028721876
1 0.3835012594 0.5801819052 0.1668765743 0.1924365725
0 0.4621624649 0.6323899031 0.0234131478 0.0389852077
1 0.5094458438 0.5701292484 0.1385390428 0.1814265199
2 0.1908060453 0.4897079943 0.0302267003 0.0679751077
2 0.3268261965 0.4978458593 0.0302267003 0.0382958353
2 0.2455919395 0.4858784107 0.0365239295 0.0617520345
2 0.1253148615 0.4906653901 0.0277078086 0.0670177118
