1 0.3140375912 0.5056958795 0.0310738850 0.0357629247
1 0.3428895772 0.5225341320 0.0600319430 0.0716555491
0 0.1290931990 0.9353757779 0.1845088161 0.1096218286
1 0.0591939547 0.5797032073 0.1183879093 0.1886069890
1 0.4596977330 0.5505026328 0.1051637280 0.1321206319
4 0.3520151134 0.4959310675 0.0138539043 0.0411680230
4 0.4496221662 0.4964097654 0.0163727960 0.0449976065
1 0.3853904282 0.5035902346 0.0327455919 0.0330301580
1 0.3627204030 0.5069411202 0.0308564232 0.0378171374
2 0.8853904282 0.4820488272 0.0654911839 0.1153662039
2 0.0272355164 0.4825275251 0.0544710327 0.0818573480
