0 0.4653652393 0.3259932982 0.0711586902 0.0550502633
4 0.3280856423 0.4988032551 0.0207808564 0.0526567736
4 0.4370277078 0.4925801819 0.0144836272 0.0426041168
1 0.1807304786 0.5102920057 0.0403022670 0.0493058880
1 0.2972292191 0.5102920057 0.0447103275 0.0569650551
1 0.3935768262 0.5059837243 0.0434508816 0.0421254189
1 0.4433249370 0.5112494016 0.0421914358 0.0526567736
1 0.5319636464 0.5140089989 0.0418123230 0.0580376983
1 0.5868248343 0.5570924282 0.1170472130 0.1410413980
2 0.6807304786 0.4830062231 0.0251889169 0.0603159406
2 0.6593198992 0.4873145045 0.0321158690 0.0555289612
2 0.8173803526 0.4705600766 0.0270780856 0.0354236477
