2 0.2802742720 0.4869892895 0.0369146764 0.0697861239
4 0.6001259446 0.4935375778 0.0138539043 0.0359023456
4 0.6700251889 0.4935375778 0.0125944584 0.0382958353
1 0.6353904282 0.4988032551 0.0295969773 0.0239348971
0 0.2216624685 0.5021541407 0.0667506297 0.0560076592
1 0.4955919395 0.5007180469 0.0239294710 0.0272857827
1 0.4534005038 0.5112494016 0.0535264484 0.0516993777
1 0.5812342569 0.5117280996 0.0459697733 0.0560076592
1 0.6453347802 0.5123729110 0.0434117205 0.0503161140
1 0.7783375315 0.5026328387 0.0264483627 0.0272857827
1 0.8822418136 0.5098133078 0.0384130982 0.0397319292
2 0.8180100756 0.4825275251 0.0226700252 0.0416467209
