2 0.8407202363 0.4869791269 0.0411384217 0.0953987315
1 0.0358942065 0.5155576831 0.0415617128 0.0536141695
4 0.1920654912 0.5016754428 0.0207808564 0.0598372427
1 0.2814861461 0.5098133078 0.0415617128 0.0406893250
4 0.3085642317 0.5026328387 0.0188916877 0.0607946386
1 0.4339444041 0.5139308572 0.0417721793 0.0532563552
1 0.4685138539 0.5141215893 0.0390428212 0.0430828147
0 0.4521410579 0.5002393490 0.0144836272 0.0138822403
1 0.5245591940 0.5136428913 0.0421914358 0.0493058880
1 0.6297229219 0.5208233605 0.0560453401 0.0698898995
1 0.7311083123 0.5102920057 0.0371536524 0.0502632839
2 0.5661209068 0.4858784107 0.0251889169 0.0622307324
2 0.5396725441 0.4873145045 0.0289672544 0.0560076592
