2 0.2588161209 0.4882719004 0.0377833753 0.0780277645
4 0.6177581864 0.4992819531 0.0182619647 0.0512206798
4 0.7210327456 0.4992819531 0.0138539043 0.0531354715
2 0.9616937041 0.4822957218 0.0322440080 0.0716529116
1 0.3828715365 0.5189085687 0.0497481108 0.0588798468
0 0.4848866499 0.5256103399 0.0170025189 0.0167544280
1 0.5698992443 0.5289612255 0.0717884131 0.0837721398
1 0.6493470073 0.5036603808 0.0351958387 0.0440302677
1 0.6813602015 0.5160363810 0.0516372796 0.0617520345
1 0.5000000000 0.6361895644 0.2311083123 0.3125897559
2 0.8797229219 0.4892292963 0.0207808564 0.0512206798
2 0.9162468514 0.4849210148 0.0251889169 0.0560076592
