2 0.1452993006 0.4852001667 0.0402034260 0.0809162930
0 0.1129702777 0.4549652040 0.0400381424 0.0347515345
4 0.5025188917 0.4944949737 0.0125944584 0.0349449497
4 0.5724181360 0.4964097654 0.0132241814 0.0349449497
1 0.3513853904 0.5136428913 0.0440806045 0.0502632839
1 0.3986146096 0.5035902346 0.0264483627 0.0248922930
1 0.3740554156 0.5131641934 0.0295969773 0.0411680230
1 0.4753004909 0.5127859116 0.0388331339 0.0476432517
1 0.5352644836 0.5011967449 0.0264483627 0.0224988033
1 0.5900503778 0.5174724749 0.0491183879 0.0584011489
1 0.6448362720 0.5107707037 0.0346347607 0.0306366683
1 0.7885004282 0.5110546947 0.0351024196 0.0505896024
1 0.9710327456 0.5102920057 0.0340050378 0.0397319292
2 0.7222921914 0.4863571087 0.0258186398 0.0373384394
