4 0.4137279597 0.4796553375 0.0220403023 0.0215414074
4 0.5157430730 0.4997606510 0.0188916877 0.0593585448
1 0.4578085642 0.5083772140 0.0409319899 0.0469123983
1 0.4918136020 0.5160363810 0.0491183879 0.0588798468
1 0.6901763224 0.5102920057 0.0403022670 0.0478697942
1 0.9855163728 0.5098133078 0.0270780856 0.0622307324
1 0.1788413098 0.5806606032 0.1486146096 0.1910004787
1 0.4093198992 0.6606031594 0.2877833753 0.3671613212
0 0.5170025189 0.6787936812 0.1901763224 0.1340354236
2 0.2090680101 0.4906653901 0.0302267003 0.0741981809
2 0.7260705290 0.4863571087 0.0264483627 0.0507419818
