2 0.3954659950 0.4892292963 0.0295969773 0.0718046912
2 0.4811083123 0.4863571087 0.0333753149 0.0718046912
2 0.5333753149 0.4897079943 0.0245591940 0.0536141695
4 0.8589420655 0.4973671613 0.0151133501 0.0459550024
4 0.9433249370 0.4959310675 0.0170025189 0.0483484921
1 0.1221662469 0.5615126855 0.0875314861 0.1431306845
1 0.2210327456 0.5337482049 0.0686397985 0.0923887027
1 0.3494962217 0.5399712781 0.0969773300 0.1144088080
1 0.8482367758 0.5026328387 0.0283375315 0.0330301580
1 0.9301007557 0.5083772140 0.0321158690 0.0349449497
1 0.9099496222 0.5040689325 0.0277078086 0.0354236477
1 0.9754408060 0.5117280996 0.0390428212 0.0536141695
1 0.2034005038 0.6314025850 0.2078085642 0.2786022020
0 0.3960957179 0.5725227382 0.0201511335 0.0282431786
2 0.5088161209 0.4983245572 0.0333753149 0.0344662518
2 0.3167506297 0.4897079943 0.0226700252 0.0718046912
2 0.3570528967 0.4897079943 0.0314861461 0.0655816180
