4 0.2865239295 0.4830062231 0.0176322418 0.0215414074
2 0.6883980036 0.4825834930 0.0261245333 0.0711895823
1 0.0711586902 0.5385351843 0.0761964736 0.0981330780
1 0.2877833753 0.5466730493 0.0994962217 0.1206318813
0 0.3929471033 0.5107707037 0.0151133501 0.0138822403
4 0.4049118388 0.5011967449 0.0207808564 0.0564863571
1 0.3709068010 0.5078985160 0.0396725441 0.0430828147
1 0.4389168766 0.5246529440 0.0648614610 0.0842508377
1 0.5060417056 0.5165113211 0.0480804332 0.0716273189
1 0.8293450882 0.5074198181 0.0365239295 0.0445189086
2 0.6164987406 0.4858784107 0.0258186398 0.0593585448
2 0.6630982368 0.4873145045 0.0251889169 0.0598372427
2 0.5906801008 0.4892292963 0.0270780856 0.0564863571
