2 0.0692695214 0.4882719004 0.0453400504 0.1072283389
2 0.1882871537 0.4877932025 0.0434508816 0.1005265677
2 0.2500000000 0.4906653901 0.0308564232 0.0641455242
4 0.5887909320 0.4988032551 0.0170025189 0.0435615127
4 0.6731738035 0.4978458593 0.0138539043 0.0430828147
1 0.1467254408 0.5198659646 0.0453400504 0.0507419818
1 0.3378924429 0.5151575804 0.0431327522 0.0557395704
0 0.4590680101 0.5318334131 0.0119647355 0.0162757300
1 0.4357682620 0.5146002872 0.0497481108 0.0584011489
1 0.6284634761 0.5026328387 0.0365239295 0.0335088559
1 0.6108312343 0.5021541407 0.0295969773 0.0315940641
1 0.4855163728 0.5715653423 0.1404282116 0.1838200096
2 0.2248110831 0.5011967449 0.0434508816 0.0478697942
2 0.0182619647 0.4940162757 0.0314861461 0.1086644327
