2 0.4156762660 0.4653199017 0.0316721424 0.0810882822
2 0.5929032258 0.4659146641 0.0264516129 0.0622854340
1 0.6927429438 0.4844735861 0.0433666594 0.0471280329
2 0.8587096774 0.4673859735 0.0354838710 0.0657184895
2 0.9161290323 0.4678764100 0.0329032258 0.0720941638
1 0.6432258065 0.5017165277 0.0606451613 0.0696419814
1 0.7470967742 0.5311427170 0.1077419355 0.1304561059
1 0.8329032258 0.5419323198 0.1129032258 0.1471309465
0 0.4761290323 0.6076508092 0.0677419355 0.0485532124
2 0.4774193548 0.4673859735 0.0412903226 0.0647376165
