1 0.0635042638 0.4968087673 0.0483575538 0.0589991659
4 0.4721758962 0.4794160128 0.0212949701 0.0357137993
2 0.4345102906 0.4719521403 0.0337742306 0.0462173335
4 0.5370367765 0.4793177247 0.0195033979 0.0368824042
0 0.3354838710 0.4992643453 0.0161290323 0.0156939676
2 0.8606451613 0.4737616479 0.0277419355 0.0632663070
2 0.8754838710 0.4727807749 0.0251612903 0.0686611084
2 0.6193548387 0.4747425208 0.0193548387 0.0299166258
2 0.0174193548 0.4654242276 0.0238709677 0.0642471800
1 0.4458064516 0.4870034331 0.0238709677 0.0289357528
