4 0.7174125910 0.4987931252 0.0141731510 0.0354031585
1 0.2328731716 0.5367599130 0.0669191107 0.0880399719
1 0.4416975677 0.5102064610 0.0293169152 0.0351689123
1 0.5271885395 0.5170313716 0.0369589031 0.0452797636
4 0.6277713180 0.5015109181 0.0172582585 0.0357947350
1 0.5730205178 0.5197732449 0.0398650318 0.0520356968
1 0.6401246786 0.5113321543 0.0362421386 0.0339213498
1 0.7089911699 0.5215373635 0.0409749560 0.0533792190
1 0.9731899500 0.5439096689 0.0536201000 0.0871329829
0 0.5816554810 0.4858276644 0.0178970917 0.0147392290
