1 0.1056489646 0.5268827677 0.0497104935 0.0662361830
1 0.3142272532 0.5199456215 0.0238262676 0.0449130833
1 0.3533115387 0.5111322403 0.0355738252 0.0305842198
1 0.4264535606 0.5369441509 0.0674004182 0.0870447457
1 0.5229166150 0.5657049417 0.1140567213 0.1494693607
0 0.3601720929 0.6460205317 0.0401443467 0.0332861990
4 0.3020767778 0.4901960784 0.0239144116 0.0181731229
1 0.3159219635 0.6470588235 0.2227816237 0.3142037303
1 0.3958464443 0.5155428025 0.0327249843 0.0392156863
4 0.4065449969 0.5026303204 0.0157331655 0.0401721664
