4 0.0439578220 0.4957786202 0.0157014485 0.0402667411
4 0.1171878949 0.4974742532 0.0173009709 0.0397154428
2 0.3310258024 0.4878048780 0.0251730648 0.0521281683
1 0.0145584941 0.5075441003 0.0283722561 0.0343393907
1 0.0532270297 0.5029298067 0.0248509645 0.0275940858
1 0.0967343524 0.5019198656 0.0316449888 0.0259410124
1 0.1674056351 0.5064154863 0.0296474788 0.0351259410
1 0.2120586783 0.5139000416 0.0408796668 0.0489984564
1 0.5982794166 0.5264825821 0.0544573516 0.0749080107
1 0.6310007572 0.5566273928 0.1056979224 0.1401774287
0 0.5824011931 0.5907029478 0.0372856078 0.0351473923
