2 0.3287507296 0.4925908744 0.0434319675 0.0775095820
1 0.6013404727 0.5244156122 0.0538388491 0.0639789179
1 0.6671727896 0.5228425264 0.0480860993 0.0582182780
1 0.8049354553 0.5360890031 0.0645697117 0.0813132450
1 0.8993579149 0.5132828355 0.0271170605 0.0378925353
4 0.8983312249 0.5128845572 0.0275796950 0.0416494906
1 0.9181196690 0.5115115643 0.0314303078 0.0328952447
1 0.5265659094 0.5682700872 0.1076263562 0.1474492550
1 0.9444704056 0.5980932713 0.1095228195 0.2278489172
0 0.5458612975 0.5102040816 0.0178970917 0.0198412698
