1 0.0366837494 0.5547126532 0.0716924146 0.1341506690
1 0.6274052858 0.5286238790 0.0566046946 0.0697282478
4 0.7905454040 0.5085014701 0.0205023419 0.0497585386
1 0.8145097494 0.5151421428 0.0379429534 0.0321462266
1 0.8769627213 0.5180195570 0.0328792632 0.0388046093
4 0.9012231827 0.5109937191 0.0199318454 0.0537614226
1 0.4462690353 0.5673711300 0.1182842925 0.1485665739
0 0.5084959094 0.6083213773 0.0346129641 0.0392156863
1 0.3014474512 0.6236250598 0.0075519194 0.0028694405
1 0.3499056010 0.5581061693 0.0975456262 0.1305595409
1 0.0303650094 0.6786226686 0.0607300189 0.1559062649
2 0.1220893644 0.4968914395 0.0591567023 0.0937350550
