0 0.6522027254 0.3745390773 0.0423405766 0.0314159207
2 0.3231910169 0.4909151196 0.0398905538 0.0823049247
1 0.4164624512 0.5641021132 0.1098089442 0.1450852752
1 0.4700336456 0.5293418169 0.0606697313 0.0727184638
1 0.5237898827 0.5237659812 0.0494691469 0.0596426129
1 0.5680983663 0.5257071257 0.0507471859 0.0615239814
1 0.8185135126 0.5585677624 0.0999067798 0.1285379827
4 0.8383047581 0.5030247569 0.0155555969 0.0386442691
1 0.8474310637 0.5168618560 0.0277958829 0.0380050577
1 0.8777277470 0.5125508904 0.0335652120 0.0314159133
4 0.9305983782 0.5088327527 0.0191184171 0.0462391526
