2 0.2784833014 0.4906746745 0.0274725109 0.0686023012
0 0.4489233792 0.5090518594 0.0192591865 0.0185582880
1 0.4964678884 0.5252296925 0.0520268343 0.0672859401
1 0.4611634016 0.5313699245 0.0677206814 0.0827118084
1 0.6228564382 0.5249044299 0.0532058515 0.0646144822
1 0.8755322695 0.5191771984 0.0308396872 0.0381230451
1 0.8963425159 0.5139726996 0.0305466391 0.0328153893
4 0.9623065591 0.5100173354 0.0198572613 0.0472484119
1 0.8391274810 0.5813520551 0.1339676678 0.1732915938
1 0.3109619687 0.5680272109 0.1267710664 0.1638321995
4 0.8657718121 0.5056689342 0.0201342282 0.0425170068
