2 0.1838856400 0.4824691358 0.1098115660 0.0918518519
0 0.3352826511 0.4913580247 0.0116959064 0.0108641975
4 0.3437296946 0.4780246914 0.0168940871 0.0365432099
0 0.4301494477 0.4612345679 0.0266406758 0.0192592593
2 0.4333983106 0.4706172840 0.0552306693 0.1051851852
1 0.0600612797 0.5216984749 0.0853601769 0.1166534945
0 0.3518936634 0.5171459913 0.0224859212 0.0192094035
1 0.4120649993 0.5013363361 0.0564987846 0.0680318698
1 0.7981051207 0.5100741386 0.0622917973 0.0802632198
1 0.3369098712 0.4812398042 0.0143061516 0.0141381185
