2 0.1871345029 0.4829629630 0.1150097466 0.0923456790
0 0.3372319688 0.4903703704 0.0116959064 0.0093827160
4 0.3450292398 0.4780246914 0.0129954516 0.0330864198
4 0.4139240086 0.4786344767 0.0125011075 0.0354391560
1 0.4715767801 0.4990472198 0.0523015261 0.0651233047
1 0.0618897118 0.5224571824 0.0865258798 0.1155034602
1 0.8010606170 0.5093729496 0.0643490627 0.0813491121
4 0.9497272968 0.5043169856 0.0156598445 0.0267505050
0 0.8291098116 0.6024691358 0.1215074724 0.0967901235
1 0.3369098712 0.4812398042 0.0135908441 0.0141381185
