2 0.1800686419 0.4818510711 0.0866641179 0.0856069699
0 0.3365821962 0.4903703704 0.0162443145 0.0123456790
4 0.3450292398 0.4785185185 0.0168940871 0.0345679012
4 0.4142392278 0.4784552753 0.0133047402 0.0337924063
2 0.9461641908 0.4724816084 0.0590340085 0.1475239843
0 0.9330734243 0.4716049383 0.0305393112 0.0237037037
1 0.4646947384 0.5044006109 0.0589793995 0.0743186548
0 0.4697855750 0.5318518519 0.0305393112 0.0232098765
1 0.8009007573 0.5097892880 0.0623393618 0.0812480450
1 0.3376251788 0.4801522567 0.0135908441 0.0152256661
