2 0.1838856400 0.4839506173 0.1111111111 0.0977777778
0 0.3352826511 0.4913580247 0.0155945419 0.0108641975
4 0.3430799220 0.4780246914 0.0116959064 0.0360493827
4 0.4120228887 0.4792665243 0.0144791165 0.0349999480
1 0.4833164811 0.4988888800 0.0515868552 0.0642505437
2 0.5399610136 0.4696296296 0.0422352177 0.0696296296
0 0.5451591943 0.4597530864 0.0168940871 0.0148148148
1 0.0603808463 0.5229053497 0.0843685493 0.1144038811
0 0.4906855226 0.5231969357 0.0252070520 0.0220715217
1 0.7984849215 0.5102143288 0.0625540689 0.0798288658
1 0.3376251788 0.4817835780 0.0157367668 0.0163132137
