2 0.1851851852 0.4829629630 0.1098115660 0.0913580247
0 0.3346328785 0.4913580247 0.0142949968 0.0113580247
4 0.3424301494 0.4790123457 0.0129954516 0.0360493827
2 0.5237929225 0.4658194780 0.0600505881 0.1128479689
0 0.5406107862 0.4503703704 0.0253411306 0.0162962963
1 0.0603644140 0.5217150450 0.0864604190 0.1157517210
0 0.3388077319 0.5213837624 0.0253493916 0.0216590669
1 0.4125788808 0.5008643866 0.0557546318 0.0708347633
1 0.7985904813 0.5101142526 0.0624652989 0.0804708079
1 0.3354792561 0.4812398042 0.0157367668 0.0152256661
