0 0.3463854790 0.3479363918 0.0511620827 0.0404152498
2 0.1806367771 0.4834567901 0.0974658869 0.0943209877
4 0.3437296946 0.4775308642 0.0149447693 0.0350617284
1 0.3361945637 0.4828711256 0.0143061516 0.0174007613
4 0.4118389487 0.4787468612 0.0136878099 0.0354721993
1 0.6062280536 0.4840713143 0.0268228948 0.0251626894
0 0.6283300845 0.4918518519 0.0097465887 0.0079012346
1 0.0600486957 0.5218963623 0.0849472731 0.1151115149
1 0.7986247540 0.5097334385 0.0627735630 0.0803512782
0 0.3358443189 0.4909351145 0.0125549278 0.0085877863
