2 0.1851851852 0.4844444444 0.1091617934 0.0883950617
0 0.3346328785 0.4908641975 0.0110461339 0.0103703704
4 0.3430799220 0.4775308642 0.0162443145 0.0350617284
2 0.5883827806 0.4653277099 0.0491266437 0.1209431812
0 0.5847953216 0.4518518519 0.0246913580 0.0192592593
1 0.0601191185 0.5210468173 0.0862212256 0.1174337566
0 0.3262417018 0.5219231844 0.0252932031 0.0211633276
1 0.4121250808 0.5010724068 0.0557119548 0.0700747967
1 0.7984109521 0.5096931458 0.0624775812 0.0798677281
1 0.3347639485 0.4801522567 0.0121602289 0.0157694399
