2 0.0829015544 0.4702117184 0.0226683938 0.0344657804
2 0.0641191710 0.4697193501 0.0155440415 0.0418513048
2 0.0576424870 0.4687346135 0.0123056995 0.0384047267
2 0.0362694301 0.4766125062 0.0259067358 0.0403741999
2 0.1593264249 0.4849827671 0.0213730570 0.0531757755
2 0.2059585492 0.4839980305 0.0207253886 0.0605612999
2 0.2279792746 0.4825209257 0.0278497409 0.0585918267
2 0.2901554404 0.4844903988 0.0304404145 0.0580994584
2 0.2506476684 0.4869522403 0.0213730570 0.0541605121
2 0.3503886010 0.4889217134 0.0213730570 0.0443131462
2 0.4663212435 0.4874446086 0.0246113990 0.0669620876
2 0.5531088083 0.4711964549 0.0233160622 0.0359428853
0 0.1703367876 0.5120630231 0.0194300518 0.0147710487
0 0.6116978526 0.5202452540 0.0183507074 0.0149658155
1 0.7918382287 0.5642378330 0.1286269426 0.1612568498
0 0.8905440415 0.5174790743 0.0155440415 0.0142786805
1 0.9181073308 0.5523184538 0.0936244652 0.1324647218
1 0.5466662049 0.5717806220 0.1395206600 0.1759630591
2 0.3201506591 0.4866412214 0.0269930948 0.0534351145
2 0.9001883239 0.4947519084 0.0282485876 0.0486641221
