2 0.4930375648 0.4859675037 0.9860751295 0.9655342196
0 0.8931347150 0.5155096012 0.0213730570 0.0167405219
2 0.9604922280 0.4810438208 0.0310880829 0.0709010340
2 0.9164507772 0.4825209257 0.0310880829 0.0645002462
2 0.8905440415 0.4785819793 0.0265544041 0.0743476120
2 0.7538860104 0.4844903988 0.0272020725 0.0580994584
2 0.7674870466 0.4761201379 0.0181347150 0.0384047267
2 0.7882124352 0.4711964549 0.0259067358 0.0413589365
2 0.8095854922 0.4731659281 0.0252590674 0.0467749877
2 0.8471502591 0.4746430330 0.0330310881 0.0487444609
