2 0.1622835151 0.4919551438 0.0384862091 0.0941004388
2 0.2296343810 0.4875670405 0.0436177037 0.1077523159
2 0.1898652983 0.4900048757 0.0378447723 0.0892247684
2 0.2835150738 0.4792784008 0.0577293137 0.0706972209
2 0.3617703656 0.4666016577 0.0378447723 0.0536323745
2 0.3296985247 0.4670892248 0.0365618987 0.0599707460
2 0.2937780629 0.5333983423 0.0821039128 0.0663091175
1 0.2617062219 0.5236470015 0.0230917255 0.0375426621
2 0.4194996793 0.5353486104 0.0840282232 0.0794734276
1 0.3752405388 0.5285226719 0.0853110969 0.0745977572
4 0.6273252085 0.5153583618 0.0186016677 0.0531448074
4 0.7350865940 0.5182837640 0.0218088518 0.0560702097
