2 0.0330339962 0.4914675768 0.0660679923 0.1399317406
2 0.1128928801 0.4670892248 0.0288646568 0.0209653827
2 0.2584990378 0.4783032667 0.0301475305 0.0214529498
2 0.2957023733 0.4807411019 0.0218088518 0.0190151146
2 0.4490057729 0.4719648952 0.0397690827 0.0360799610
2 0.7710070558 0.4822038030 0.0673508659 0.2120916626
1 0.1186658114 0.5163334959 0.0455420141 0.0492442711
1 0.5131494548 0.5314480741 0.0737652341 0.0838615310
4 0.7915330340 0.5158459288 0.0513149455 0.1516333496
2 0.8588838999 0.5021940517 0.0596536241 0.0633837153
2 0.0769724182 0.4700146270 0.0198845414 0.0146270112
