1 0.1000641437 0.5148707947 0.0449005773 0.0531448074
1 0.2437459910 0.5309605071 0.0853110969 0.0955631399
0 0.1353431687 0.5348610434 0.0134701732 0.0131643101
4 0.7915330340 0.5182837640 0.0410519564 0.1511457825
2 0.8659397049 0.4631886884 0.1436818473 0.1565090200
2 0.5234124439 0.4748902974 0.0429762668 0.0341296928
2 0.4534958307 0.4758654315 0.0391276459 0.0277913213
2 0.4021808852 0.5017064846 0.0269403464 0.0672842516
2 0.3758819756 0.4753778645 0.0301475305 0.0282788883
2 0.3335471456 0.4719648952 0.0320718409 0.0365675280
2 0.2546504169 0.4714773281 0.0314304041 0.0331545588
2 0.2347658756 0.4724524622 0.0230917255 0.0253534861
