2 0.1231558691 0.5216967333 0.1026298910 0.1267674305
2 0.1905067351 0.5173086299 0.1058370750 0.1170160897
2 0.8749198204 0.4573378840 0.0968569596 0.1682106290
2 0.5118665811 0.4744027304 0.0333547146 0.0326669917
2 0.4797947402 0.4763529985 0.0327132777 0.0292540224
2 0.4470814625 0.4758654315 0.0243745991 0.0273037543
2 0.4233483002 0.4739151633 0.0211674150 0.0287664554
2 0.4028223220 0.5017064846 0.0295060936 0.0682593857
2 0.2963438101 0.4778156997 0.0320718409 0.0190151146
2 0.2610647851 0.4748902974 0.0243745991 0.0258410531
2 0.2475946119 0.4700146270 0.0230917255 0.0346172599
1 0.2437459910 0.5309605071 0.0859525337 0.0950755729
4 0.7928159076 0.5177961970 0.0429762668 0.1501706485
