2 0.1584348942 0.4778156997 0.0205259782 0.0248659191
2 0.2193713919 0.4861043393 0.0442591405 0.0911750366
2 0.4515715202 0.4822038030 0.0224502886 0.0199902487
2 0.6298909557 0.4861043393 0.0224502886 0.0219405168
2 0.6465683130 0.4865919064 0.0173187941 0.0214529498
2 0.7915330340 0.4885421745 0.0198845414 0.0151145783
2 0.8114175754 0.4885421745 0.0192431046 0.0195026816
2 0.8306606799 0.4875670405 0.0186016677 0.0180399805
2 0.8434894163 0.4875670405 0.0147530468 0.0195026816
1 0.2386144965 0.5168210629 0.0551635664 0.0370550951
2 0.2642719692 0.5051194539 0.0513149455 0.0614334471
0 0.3617703656 0.5387615797 0.0250160359 0.0185275475
4 0.4733803720 0.5080448562 0.0179602309 0.0526572404
4 0.6023091725 0.5095075573 0.0198845414 0.0560702097
2 0.7633098140 0.4885421745 0.0211674150 0.0175524135
2 0.7427838358 0.5065821550 0.0211674150 0.0516821063
