1 0.1302116742 0.5143832277 0.0532392559 0.0526572404
1 0.1943553560 0.5285226719 0.0699166132 0.0950755729
1 0.7286722258 0.5299853730 0.0846696600 0.0853242321
4 0.7921744708 0.5197464651 0.0423348300 0.1496830814
2 0.6324567030 0.4802535349 0.0269403464 0.0243783520
2 0.5323925593 0.4783032667 0.0243745991 0.0268161872
2 0.5067350866 0.4758654315 0.0301475305 0.0321794247
2 0.4624759461 0.4739151633 0.0295060936 0.0346172599
2 0.3964079538 0.4978059483 0.0295060936 0.0770355924
2 0.3649775497 0.4724524622 0.0314304041 0.0312042906
2 0.3181526620 0.4748902974 0.0372033355 0.0282788883
2 0.2713277742 0.4729400293 0.0365618987 0.0331545588
2 0.2386144965 0.4783032667 0.0256574727 0.0229156509
