0 0.5445798589 0.5524134569 0.0275817832 0.0224280839
0 0.7748556767 0.5333983423 0.0173187941 0.0141394442
0 0.5894804362 0.7947342760 0.1821680564 0.1277425646
4 0.6850545221 0.5143832277 0.0192431046 0.0487567040
4 0.7851186658 0.5138956607 0.0166773573 0.0433934666
2 0.5343168698 0.4865919064 0.0737652341 0.1843003413
2 0.4387427838 0.5246221355 0.0936497755 0.0843490980
1 0.4971135343 0.5299853730 0.0449005773 0.0731350561
2 0.5843489416 0.4909800098 0.0423348300 0.1326182350
2 0.1263630532 0.4856167723 0.0519563823 0.2072159922
2 0.0279025016 0.4973183813 0.0558050032 0.2525597270
1 0.7408595253 0.5192588981 0.0378447723 0.0346172599
