1 0.7280307890 0.5241345685 0.0525978191 0.0390053632
0 0.7094291212 0.5348610434 0.0179602309 0.0146270112
0 0.5875561257 0.5294978059 0.0173187941 0.0151145783
1 0.5426555484 0.5202340322 0.0224502886 0.0326669917
2 0.5253367543 0.5124329595 0.0384862091 0.0497318381
2 0.5657472739 0.4943929790 0.0416933932 0.0804485617
2 0.6164207826 0.4968308142 0.0256574727 0.0507069722
2 0.4990378448 0.4846416382 0.0160359205 0.0219405168
2 0.5279025016 0.4856167723 0.0301475305 0.0234032179
2 0.4624759461 0.4948805461 0.0590121873 0.1004388103
2 0.7517639513 0.5041443198 0.0667094291 0.0804485617
