0 0.0352790250 0.5255972696 0.0224502886 0.0195026816
0 0.1430404105 0.5446123842 0.0230917255 0.0263286202
2 0.1719050674 0.4690394929 0.0788967287 0.1940516821
2 0.1218729955 0.4158946855 0.0384862091 0.0458313018
2 0.0408915972 0.4714773281 0.0817831944 0.1813749391
2 0.0161962797 0.4202827889 0.0323925593 0.0819112628
4 0.0615779346 0.5065821550 0.0429762668 0.1579717211
0 0.6061577935 0.5031691858 0.0218088518 0.0199902487
2 0.5048107761 0.4700146270 0.0269403464 0.0370550951
2 0.5458627325 0.4719648952 0.0352790250 0.0297415895
2 0.6087235407 0.4714773281 0.0339961514 0.0302291565
2 0.8133418858 0.4802535349 0.0750481078 0.1769868357
2 0.8723540731 0.4685519259 0.0474663246 0.0365675280
2 0.9860487492 0.4817162360 0.0279025016 0.0828863969
2 0.3566388711 0.4583130180 0.0269403464 0.0195026816
2 0.3091725465 0.4753778645 0.0384862091 0.0341296928
2 0.2475946119 0.4778156997 0.0404105196 0.0663091175
1 0.6805644644 0.5597269625 0.1128928801 0.1379814725
1 0.7921744708 0.5616772306 0.1199486851 0.1409068747
1 0.8864656831 0.5685031692 0.1225144323 0.1613846904
1 0.9714560616 0.5870307167 0.0570878768 0.1331058020
3 0.5819435536 0.6777181863 0.8361128929 0.2954656265
