4 0.6884018183 0.4982740283 0.0173014011 0.0366317146
1 0.2672407329 0.5353344083 0.0780787095 0.0963954329
1 0.5472060442 0.5062814355 0.0355421752 0.0407728218
1 0.7035323381 0.5032087564 0.0297642089 0.0258804746
4 0.7704967856 0.5002408028 0.0181922223 0.0379969142
0 0.4658227848 0.5122655123 0.0145569620 0.0115440115
1 0.4670886076 0.5031265031 0.0234177215 0.0312650313
2 0.3664556962 0.4882154882 0.0272151899 0.0601250601
2 0.3455696203 0.4882154882 0.0291139241 0.0630110630
2 0.1651898734 0.5021645022 0.0537974684 0.0610870611
2 0.9822784810 0.4963924964 0.0170886076 0.0428090428
