4 0.8492507339 0.4983837306 0.0197905805 0.0429596789
1 0.0411729403 0.5148586035 0.0520904139 0.0673706383
1 0.4177019000 0.5030460954 0.0304723233 0.0379941948
1 0.7669325471 0.5017221570 0.0322967060 0.0314627253
0 0.4822784810 0.5108225108 0.0164556962 0.0149110149
1 0.5000000000 0.5064935065 0.0354430380 0.0404040404
1 0.4873417722 0.5012025012 0.0234177215 0.0331890332
4 0.7518987342 0.4997594998 0.0208860759 0.0471380471
2 0.1601265823 0.4978354978 0.0424050633 0.0461760462
2 0.3531645570 0.4843674844 0.0297468354 0.0562770563
2 0.3968354430 0.4862914863 0.0297468354 0.0548340548
2 0.2696202532 0.4954304954 0.0373417722 0.0452140452
