1 0.4595513642 0.5101894736 0.0381820984 0.0433566906
1 0.7926512957 0.5056269169 0.0361075066 0.0295411553
4 0.8705572486 0.5011637807 0.0204575770 0.0438725576
1 0.1684092730 0.5814077854 0.1571952701 0.2092295587
0 0.5025316456 0.5161135161 0.0158227848 0.0129870130
1 0.5063291139 0.5060125060 0.0322784810 0.0375180375
2 0.2569620253 0.4992784993 0.0468354430 0.0615680616
2 0.3588607595 0.4862914863 0.0392405063 0.0687830688
2 0.3917721519 0.4872534873 0.0379746835 0.0673400673
4 0.7765822785 0.5016835017 0.0221518987 0.0428090428
1 0.5778481013 0.5093795094 0.0417721519 0.0519480519
2 0.1139240506 0.5007215007 0.0512658228 0.0625300625
