2 0.4898734177 0.4867724868 0.0613924051 0.0913900914
2 0.6297468354 0.4814814815 0.0481012658 0.1091871092
2 0.6791139241 0.4810004810 0.0518987342 0.0928330928
2 0.7348101266 0.4862914863 0.0474683544 0.1010101010
2 0.8394914865 0.4885178804 0.0337188207 0.0441613272
2 0.8867088608 0.4858104858 0.0500000000 0.1322751323
2 0.9164556962 0.4877344877 0.0348101266 0.1207311207
2 0.9715189873 0.4838864839 0.0474683544 0.1370851371
2 0.9860759494 0.4814814815 0.0272151899 0.1226551227
0 0.4283759892 0.5158983469 0.0138431219 0.0108246598
3 0.6386075949 0.5387205387 0.6462025316 0.0283790284
1 0.6613842845 0.6408938766 0.2389052957 0.3176501691
0 0.4721518987 0.9470899471 0.2196202532 0.0889850890
2 0.7724701446 0.4930721452 0.0194846009 0.0401337793
