4 0.6024810672 0.4980646372 0.0182570387 0.0368503816
4 0.6789897680 0.4867198765 0.0150366109 0.0124448184
1 0.6427472234 0.5022178888 0.0293491352 0.0255263224
1 0.7482424378 0.5070410371 0.0288277306 0.0333738290
1 0.6746520996 0.5727748871 0.1440741122 0.1766005456
0 0.3437848389 0.9269845486 0.2024473846 0.1089457348
2 0.0772151899 0.4862914863 0.0879746835 0.2294372294
2 0.2430379747 0.5036075036 0.0702531646 0.0788840789
2 0.8696202532 0.4906204906 0.0265822785 0.0365560366
2 0.9253164557 0.4906204906 0.0145569620 0.0418470418
2 0.9120253165 0.4896584897 0.0202531646 0.0418470418
2 0.9537974684 0.4882154882 0.0177215190 0.0423280423
2 0.9689873418 0.4872534873 0.0208860759 0.0582010582
