4 0.6098117828 0.4970661700 0.0204869676 0.0361142494
4 0.6891989112 0.4924712181 0.0172100887 0.0226490609
2 0.9846392870 0.4906697273 0.0302776657 0.0684537813
1 0.4995040894 0.5054695606 0.0355667137 0.0435070731
1 0.6854714751 0.5028030276 0.0324047469 0.0256813541
1 0.8162234426 0.5102241039 0.0320936628 0.0399143435
1 0.8591878414 0.5108235478 0.0336377211 0.0416266881
1 0.9892450422 0.5140590072 0.0215099156 0.0463280156
0 0.8063291139 0.5064935065 0.0145569620 0.0101010101
2 0.8968354430 0.4920634921 0.0265822785 0.0418470418
2 0.9506329114 0.4925444925 0.0221518987 0.0466570467
2 0.9367088608 0.4911014911 0.0183544304 0.0481000481
2 0.1936708861 0.4838864839 0.0569620253 0.1111111111
2 0.1670886076 0.4992784993 0.0518987342 0.0764790765
2 0.2272151899 0.4987974988 0.0455696203 0.0567580568
