4 0.0533724949 0.4920595586 0.0118654305 0.0279305931
4 0.1211016849 0.4932393730 0.0125488788 0.0327315405
1 0.0461178012 0.5013457537 0.0247213505 0.0298158303
1 0.0880480185 0.5012474656 0.0280603841 0.0301557388
1 0.2847563624 0.5006948113 0.0241215900 0.0236237831
1 0.2338831276 0.5010417700 0.0229879860 0.0236719176
0 0.4265822785 0.5103415103 0.0164556962 0.0129870130
2 0.4348101266 0.4867724868 0.0329113924 0.0524290524
2 0.5639240506 0.4954304954 0.0303797468 0.0379990380
2 0.6189873418 0.4968734969 0.0322784810 0.0394420394
