2 0.4735256433 0.4934304059 0.0321906433 0.0597977303
1 0.3807878494 0.5266618133 0.0671654791 0.0767552704
1 0.4793653488 0.5072135329 0.0290222876 0.0392915681
1 0.6579933763 0.5063742399 0.0291091986 0.0348968804
4 0.7804513574 0.5016189218 0.0184422247 0.0407852344
1 0.8087974191 0.5062974095 0.0328659303 0.0295256805
4 0.8724603057 0.5022684336 0.0189368781 0.0426705331
0 0.4854430380 0.5194805195 0.0196202532 0.0149110149
1 0.5303797468 0.5079365079 0.0329113924 0.0365560366
2 0.3974683544 0.4891774892 0.0341772152 0.0572390572
2 0.1917721519 0.4973544974 0.0411392405 0.0456950457
2 0.3050632911 0.4987974988 0.0398734177 0.0432900433
