2 0.4014534950 0.4856711924 0.0402263030 0.0681474358
0 0.7689873418 0.4660894661 0.0240506329 0.0168350168
1 0.4993015826 0.5100446939 0.0382620357 0.0504987314
1 0.4471647441 0.5082188845 0.0448143929 0.0454549827
1 0.5968102813 0.5100641847 0.0382669419 0.0463861153
1 0.7776193023 0.5276140571 0.0663760751 0.0845013559
4 0.9483641982 0.5068225265 0.0293280054 0.0694172978
1 0.9706367850 0.5152126551 0.0423582196 0.0543654822
2 0.4582278481 0.4867724868 0.0379746835 0.0634920635
1 0.5278481013 0.5440115440 0.0968354430 0.1255411255
2 0.2797468354 0.4978354978 0.0449367089 0.0481000481
