2 0.0506297722 0.4866340756 0.0400178656 0.0782368481
2 0.2854430380 0.4867724868 0.0354430380 0.0625300625
0 0.6689873418 0.4872534873 0.0234177215 0.0202020202
1 0.2610791028 0.5521692634 0.1069843173 0.1289940774
1 0.3327458203 0.5325876474 0.0745836496 0.0891433656
1 0.3088948429 0.5109711289 0.0369961523 0.0473966300
1 0.4657203257 0.5200140476 0.0532585792 0.0636696592
4 0.6844945550 0.5017341375 0.0244116765 0.0434728377
1 0.7007048130 0.5091095567 0.0325172395 0.0354178920
1 0.7260010242 0.5058985949 0.0367361046 0.0298003070
4 0.7789235711 0.5021591783 0.0236085374 0.0434596539
