2 0.0284810127 0.4766714767 0.0443037975 0.1332371332
2 0.0765822785 0.4819624820 0.0310126582 0.1284271284
2 0.0607594937 0.4800384800 0.0436708861 0.1534391534
2 0.1031645570 0.4858104858 0.0405063291 0.1154401154
2 0.1373417722 0.4785954786 0.0430379747 0.1216931217
2 0.1765822785 0.4800384800 0.0544303797 0.1332371332
2 0.3658227848 0.4819624820 0.0537974684 0.0933140933
4 0.6420899630 0.4981917739 0.0123069836 0.0312438346
4 0.7079765797 0.4988482296 0.0124037163 0.0320081301
3 0.0743670886 0.5512265512 0.1487341772 0.0370370370
0 0.4917721519 0.5055315055 0.0158227848 0.0105820106
1 0.5329113924 0.5012025012 0.0196202532 0.0254930255
1 0.5455696203 0.5021645022 0.0208860759 0.0259740260
1 0.6025316456 0.5002405002 0.0208860759 0.0230880231
1 0.5670886076 0.5012025012 0.0208860759 0.0254930255
1 0.6557594538 0.5013236403 0.0234058518 0.0222390909
1 0.7208860759 0.5045695046 0.0240506329 0.0264550265
1 0.8093720675 0.5040504932 0.0230070762 0.0249937233
1 0.4867758186 0.4983245572 0.0170025189 0.0196266156
