4 0.1141637266 0.4949860871 0.0206873398 0.0428892747
4 0.1973434535 0.4860576923 0.0183428210 0.0221153846
2 0.4686907021 0.4841346154 0.0442757748 0.0812500000
2 0.5458570525 0.4870192308 0.0316255534 0.0653846154
2 0.6268184693 0.4668269231 0.0309930424 0.0495192308
2 0.5882352941 0.4841346154 0.0347881088 0.0894230769
2 0.5686274510 0.4860576923 0.0297280202 0.0759615385
2 0.6407337128 0.4629807692 0.0234029096 0.0413461538
2 0.6729917774 0.4605769231 0.0335230867 0.0384615385
2 0.8386095762 0.4679387808 0.0426377021 0.0438953824
2 0.9395043254 0.4725536108 0.0276979674 0.0392938517
1 0.0379649363 0.5093764663 0.0402606092 0.0513096526
1 0.2049335863 0.5009615385 0.0259329538 0.0288461538
1 0.2295634449 0.5011759996 0.0268754549 0.0301441867
1 0.3965390325 0.5026336908 0.0332782418 0.0395073034
0 0.4408602151 0.5182692308 0.0158127767 0.0129807692
1 0.4352092147 0.5084550381 0.0240009297 0.0286868364
2 0.9588867805 0.4629807692 0.0398481973 0.0615384615
2 0.9886148008 0.4740384615 0.0208728653 0.0432692308
