1 0.2805897892 0.5288695097 0.0689574480 0.0789310113
1 0.3557117581 0.5240846872 0.0555145852 0.0658555403
1 0.4191250205 0.5179944038 0.0560800061 0.0629922822
1 0.4528255761 0.5154511333 0.0409114733 0.0567410961
0 0.5341772152 0.4646464646 0.0265822785 0.0192400192
2 0.0164556962 0.4906204906 0.0329113924 0.0889850890
2 0.0493670886 0.4891774892 0.0411392405 0.0812890813
2 0.1335443038 0.4824434824 0.0436708861 0.0860990861
2 0.1905063291 0.4819624820 0.0430379747 0.1000481000
2 0.2284810127 0.4829244829 0.0430379747 0.0942760943
2 0.2702531646 0.4800384800 0.0424050633 0.0827320827
2 0.3424050633 0.4814814815 0.0417721519 0.0889850890
2 0.3936708861 0.4843674844 0.0392405063 0.1005291005
2 0.4170886076 0.4766714767 0.0392405063 0.0764790765
2 0.4670886076 0.4660894661 0.0398734177 0.0495430495
2 0.6721518987 0.4843674844 0.0670886076 0.0981240981
2 0.7689873418 0.4848484848 0.0272151899 0.0716690717
