2 0.1948232800 0.4883051515 0.0353817977 0.0786278620
3 0.3010180295 0.5235461593 0.3547014892 0.0135286823
1 0.4349365532 0.5231777430 0.0638962016 0.0724136084
1 0.5062671304 0.5214906335 0.0600819439 0.0652497336
1 0.5682833195 0.5177128315 0.0556738414 0.0651742965
0 0.6063291139 0.3886483886 0.0272151899 0.0206830207
2 0.2291139241 0.4901394901 0.0411392405 0.0793650794
2 0.3044303797 0.4829244829 0.0379746835 0.0856180856
2 0.3651898734 0.4829244829 0.0449367089 0.0933140933
2 0.4018987342 0.4834054834 0.0449367089 0.0952380952
2 0.4424050633 0.4800384800 0.0506329114 0.0817700818
2 0.4835443038 0.5002405002 0.0443037975 0.0423280423
2 0.5196202532 0.4785954786 0.0430379747 0.0750360750
2 0.5670886076 0.4723424723 0.0398734177 0.0784030784
2 0.5955696203 0.4843674844 0.0468354430 0.0937950938
2 0.6424050633 0.4867724868 0.0386075949 0.0846560847
2 0.8392405063 0.4867724868 0.0651898734 0.1077441077
1 0.0784810127 0.5305435305 0.0772151899 0.0995670996
