2 0.0243327916 0.4823080599 0.0479748137 0.0941380039
4 0.5101265823 0.4935064935 0.0240506329 0.0327080327
4 0.6098986864 0.4993094802 0.0230315477 0.0449389741
2 0.9455696203 0.4872534873 0.0360759494 0.0673400673
2 0.9259493671 0.4911014911 0.0335443038 0.0639730640
1 0.0515449792 0.5178355575 0.0509314053 0.0700645298
1 0.1509038359 0.5219809413 0.0623598620 0.0773297474
1 0.2255051881 0.5156559944 0.0489953794 0.0613041408
1 0.3537251055 0.5242501497 0.0639664605 0.0793190449
1 0.5017147660 0.5061606765 0.0380728617 0.0390298627
0 0.5626582278 0.5103415103 0.0234177215 0.0153920154
1 0.5637963545 0.5054945055 0.0333123821 0.0315336837
