4 0.3930913210 0.4976930618 0.0186207388 0.0348870195
4 0.4687853158 0.4974976778 0.0155220479 0.0361562259
1 0.4549915195 0.5006321073 0.0264247898 0.0251134075
1 0.4930500686 0.5019448400 0.0248443168 0.0267937426
1 0.6059097648 0.5098167062 0.0381368436 0.0454357155
1 0.6852118373 0.5074424148 0.0280046668 0.0345137231
1 0.8208948374 0.5096671581 0.0308595188 0.0378079601
1 0.8866516352 0.5924237370 0.1460197717 0.2136619985
0 0.6860759494 0.5170755171 0.0177215190 0.0120250120
2 0.6550632911 0.4911014911 0.0234177215 0.0365560366
2 0.6981012658 0.4848484848 0.0158227848 0.0331890332
2 0.7139240506 0.4911014911 0.0177215190 0.0408850409
2 0.7398734177 0.4911014911 0.0164556962 0.0408850409
2 0.7582278481 0.4867724868 0.0183544304 0.0533910534
2 0.7962025316 0.4891774892 0.0259493671 0.0524290524
2 0.7734177215 0.4886964887 0.0246835443 0.0485810486
2 0.8506329114 0.4891774892 0.0265822785 0.0567580568
2 0.0677215190 0.5050505051 0.0613924051 0.0870610871
2 0.0259493671 0.5088985089 0.0518987342 0.1149591150
