0 0.2518891688 0.4700813787 0.0239294710 0.0205840115
2 0.7090680101 0.4978458593 0.0453400504 0.0521780756
2 0.7965994962 0.4844423169 0.0440806045 0.0928674007
2 0.8337531486 0.4873145045 0.0409319899 0.0904739110
2 0.8822418136 0.4853997128 0.0560453401 0.1220679751
2 0.9408060453 0.4877932025 0.0497481108 0.1254188607
2 0.9666246851 0.4897079943 0.0409319899 0.1172809957
1 0.0130825294 0.5282575488 0.0261650588 0.0904230028
1 0.0845884755 0.5129374266 0.0600648485 0.0629438460
4 0.1186937988 0.5029947758 0.0266754180 0.0864434540
1 0.9931899160 0.5164352655 0.0136201680 0.0895288438
3 0.7594458438 0.5351842987 0.4641057935 0.0344662518
0 0.9193954660 0.5141215893 0.0107052897 0.0095739588
