1 0.6952841282 0.5087567568 0.0319201238 0.0405298583
1 0.7475256324 0.5140653849 0.0397267863 0.0517524295
1 0.8373140097 0.5083115101 0.0287177395 0.0358494520
4 0.9024850130 0.5013161302 0.0163362212 0.0387022719
1 0.9211167693 0.5234515667 0.0485586226 0.0621561483
4 0.9792168140 0.5020353198 0.0180069320 0.0384245403
0 0.6341772152 0.5055315055 0.0151898734 0.0115440115
1 0.4417721519 0.6310726311 0.2462025316 0.3102453102
2 0.2506329114 0.4858104858 0.0329113924 0.0649350649
2 0.5386075949 0.4882154882 0.0322784810 0.0582010582
