2 0.9405950904 0.4937628508 0.0272894613 0.0754259974
2 0.9941609949 0.4914895892 0.0116780102 0.0743739456
3 0.0246711504 0.5355239511 0.0397930071 0.0165484231
0 0.5629383326 0.5182359815 0.0279176962 0.0217056572
4 0.5300596952 0.5110668540 0.0368045159 0.0962406769
1 0.6608013511 0.5232147574 0.0680289418 0.0657635853
4 0.7461276650 0.5103793740 0.0305703972 0.0847311914
1 0.9755405784 0.5264934897 0.0480070189 0.0562614948
2 0.9113924051 0.4891774892 0.0265822785 0.0769600770
2 0.2822784810 0.4939874940 0.0221518987 0.0481000481
