1 0.2938445210 0.5553762913 0.1086945981 0.1387035102
1 0.4087556601 0.5419481993 0.0872510970 0.1121372357
1 0.5453435183 0.5615284443 0.1252975315 0.1508600414
1 0.5897406936 0.5128500462 0.0407902375 0.0403980315
4 0.6451768279 0.5026432872 0.0194379911 0.0460267216
1 0.9910488129 0.5323901772 0.0179023743 0.0822426826
1 0.1960144043 0.6142469049 0.2042239159 0.2807136774
0 0.3259493671 0.3694083694 0.1170886076 0.0894660895
4 0.5360759494 0.4872534873 0.0189873418 0.0173160173
2 0.0379746835 0.4829244829 0.0367088608 0.0904280904
