2 0.0232997481 0.4815701292 0.0270780856 0.0617520345
0 0.0541561713 0.4719961704 0.0113350126 0.0095739588
0 0.1656171285 0.5265677358 0.0214105793 0.0181905218
0 0.7947103275 0.7209191000 0.1032745592 0.0780277645
2 0.0610831234 0.4849210148 0.0352644836 0.0526567736
2 0.1108312343 0.4839636190 0.0245591940 0.0617520345
2 0.1643576826 0.4830062231 0.0352644836 0.0856869315
2 0.4061712846 0.4911440881 0.2537783375 0.6950694112
2 0.6278337531 0.4815701292 0.2128463476 0.5093346099
1 0.8891687657 0.6270943035 0.2103274559 0.2948779320
1 0.2065491184 0.5438008617 0.0894206549 0.1168022978
3 0.7537783375 0.5734801340 0.4924433249 0.0459550024
