2 0.3620906801 0.4901866922 0.2468513854 0.4796553375
4 0.5201511335 0.4796553375 0.0176322418 0.0287218765
4 0.4672544081 0.5055050263 0.0289672544 0.1014839636
1 0.5113350126 0.5160363810 0.0472292191 0.0564863571
2 0.6429471033 0.5074198181 0.0465994962 0.0416467209
2 0.6901763224 0.5088559119 0.0264483627 0.0373384394
2 0.7084382872 0.5107707037 0.0428211587 0.0435615127
1 0.8236775819 0.5303973193 0.0667506297 0.0823360460
0 0.8022670025 0.5390138822 0.0220403023 0.0196266156
1 0.9209697733 0.5773097176 0.1580604534 0.1910004787
1 0.9811083123 0.5351842987 0.0377833753 0.0847295357
