2 0.1290931990 0.4873145045 0.0346347607 0.0995691719
2 0.7128463476 0.4892292963 0.0434508816 0.1187170895
1 0.2588161209 0.5543322164 0.1227959698 0.1570129248
4 0.4294710327 0.5069411202 0.0314861461 0.0981330780
1 0.5831234257 0.5222594543 0.0824937028 0.0718046912
4 0.6775818640 0.5083772140 0.0314861461 0.0914313068
2 0.9288413098 0.5184298708 0.0661209068 0.0890378171
2 0.9674118388 0.5409286740 0.0651763224 0.0861656295
0 0.6971032746 0.6179990426 0.0636020151 0.0493058880
2 0.3054156171 0.4614648157 0.0340050378 0.0282431786
2 0.6530226700 0.4480612733 0.0528967254 0.0397319292
