2 0.4722921914 0.4820488272 0.1593198992 0.3757778842
2 0.6920654912 0.4925801819 0.0768261965 0.1732886549
0 0.9011335013 0.4471038775 0.0421914358 0.0354236477
3 0.5170025189 0.5270464337 0.2141057935 0.0248922930
1 0.6240554156 0.5165150790 0.0384130982 0.0445189086
1 0.6416876574 0.5213020584 0.0434508816 0.0550502633
1 0.9099496222 0.5208233605 0.0346347607 0.0488271900
4 0.9263224181 0.5098133078 0.0188916877 0.0526567736
1 0.9863035264 0.5155576831 0.0273929471 0.0373384394
1 0.9445843829 0.6701771182 0.1108312343 0.1948300622
2 0.7852644836 0.4973671613 0.0270780856 0.0674964098
2 0.8085642317 0.4964097654 0.0302267003 0.0689325036
2 0.8400503778 0.4964097654 0.0346347607 0.0679751077
