2 0.4666246851 0.4672091910 0.1782115869 0.3379607468
4 0.6889168766 0.4897079943 0.0119647355 0.0210627094
2 0.7525188917 0.4873145045 0.0478589421 0.1029200574
0 0.8828715365 0.4791766395 0.0245591940 0.0239348971
2 0.9307304786 0.4906653901 0.0497481108 0.1254188607
1 0.0396725441 0.5591191958 0.0793450882 0.1833413116
1 0.0661209068 0.5007180469 0.0358942065 0.0454763045
1 0.4319899244 0.5217807563 0.0516372796 0.0473910962
1 0.6838790932 0.5136428913 0.0447103275 0.0497845859
3 0.9732367758 0.5213020584 0.0535264484 0.0210627094
1 0.9735516373 0.5844901867 0.0528967254 0.1019626616
0 0.0617128463 0.5165150790 0.0176322418 0.0153183341
