2 0.5163727960 0.4753470560 0.1618387909 0.3762565821
2 0.8816120907 0.4873145045 0.0541561713 0.1062709430
3 0.2096977330 0.5107707037 0.1687657431 0.0172331259
1 0.7254408060 0.5203446625 0.0547858942 0.0689325036
1 0.8614609572 0.5193872666 0.0484886650 0.0569650551
3 0.8841309824 0.5337482049 0.1882871537 0.0124461465
2 0.9238035264 0.5026328387 0.0711586902 0.1005265677
1 0.9902392947 0.5528961225 0.0195214106 0.0718046912
1 0.9831549118 0.5213020584 0.0336901763 0.0660603159
0 0.1075120606 0.5358826611 0.0234321158 0.0220010477
