2 0.0100755668 0.4844423169 0.0163727960 0.0469123983
2 0.0396725441 0.4834849210 0.0151133501 0.0507419818
2 0.3022670025 0.4944949737 0.0384130982 0.0531354715
2 0.4363979849 0.4820488272 0.1756926952 0.3752991862
2 0.7185138539 0.4930588798 0.0862720403 0.1981809478
1 0.0214105793 0.5007180469 0.0239294710 0.0339875539
0 0.3318639798 0.5217807563 0.0170025189 0.0153183341
1 0.4244332494 0.5308760172 0.0535264484 0.0722833892
1 0.8243073048 0.5576831020 0.1152392947 0.1421732887
3 0.8164357683 0.5543322164 0.3671284635 0.0363810436
1 0.0418765743 0.6218286261 0.0837531486 0.1957874581
1 0.9658375315 0.6089037817 0.0683249370 0.2685495452
3 0.2550377834 0.5112494016 0.0642317380 0.0186692197
