2 0.0388853904 0.4772618478 0.0777707809 0.1962661561
4 0.1719143577 0.4930588798 0.0113350126 0.0349449497
4 0.2392947103 0.4944949737 0.0119647355 0.0339875539
2 0.5497481108 0.4796553375 0.1530226700 0.3303015797
1 0.1423173804 0.5117280996 0.0440806045 0.0521780756
0 0.2877833753 0.5146002872 0.0182619647 0.0138822403
1 0.4181360202 0.5548109143 0.1278337531 0.1488750598
1 0.9187657431 0.5351842987 0.0717884131 0.0904739110
1 0.7317380353 0.5820966970 0.1706549118 0.2072762087
1 0.9767002519 0.6840593585 0.0465994962 0.1311632360
0 0.7487405542 0.7079942556 0.1076826196 0.0866443274
3 0.4628463476 0.5117280996 0.0573047859 0.0181905218
3 0.8912153652 0.5816179990 0.2175692695 0.0478697942
