2 0.0757241814 0.4638583054 0.1514483627 0.3346098612
2 0.3274559194 0.4629009095 0.1926952141 0.4380086166
2 0.9074307305 0.4839636190 0.0484886650 0.1354715175
2 0.8727959698 0.4844423169 0.0484886650 0.1220679751
2 0.7991183879 0.5055050263 0.0403022670 0.0426041168
1 0.7764483627 0.5093346099 0.0340050378 0.0382958353
1 0.7248110831 0.5050263284 0.0321158690 0.0378171374
0 0.5245591940 0.5390138822 0.0251889169 0.0224988033
4 0.8287153652 0.4978458593 0.0138539043 0.0387745333
4 0.7430730479 0.4954523696 0.0138539043 0.0397319292
