4 0.4005037783 0.5059837243 0.0346347607 0.1120153183
4 0.5415617128 0.5040689325 0.0289672544 0.0804212542
1 0.5056675063 0.5179511728 0.0491183879 0.0651029201
1 0.7562972292 0.5552896123 0.1089420655 0.1388224031
1 0.1346032746 0.6419339397 0.2692065491 0.4021062709
2 0.9023929471 0.4992819531 0.1536523929 0.3609382480
2 0.4571788413 0.4810914313 0.1801007557 0.3437051221
2 0.0379408060 0.4696026807 0.0758816121 0.2441359502
1 0.8293450882 0.5184298708 0.0743073048 0.0636668262
1 0.7430730479 0.5203446625 0.0270780856 0.0445189086
1 0.7128463476 0.5165150790 0.0472292191 0.0469123983
