2 0.1386964736 0.4901866922 0.2773929471 0.7850646242
2 0.9055415617 0.4557204404 0.0421914358 0.0368597415
3 0.4773299748 0.5275251316 0.5573047859 0.0167544280
1 0.5403022670 0.5347056008 0.1152392947 0.1206318813
1 0.0640743073 0.6112972714 0.1281486146 0.1397797989
1 0.4433249370 0.6869315462 0.4225440806 0.5380564864
0 0.4401763224 0.9463858305 0.2304785894 0.0947821924
2 0.7959697733 0.4691239828 0.0207808564 0.0181905218
2 0.9382871537 0.4652943992 0.0333753149 0.0177118238
2 0.9754408060 0.4619435136 0.0195214106 0.0220201053
2 0.9892947103 0.4638583054 0.0170025189 0.0201053135
