2 0.1813602015 0.4825275251 0.1857682620 0.3700335089
2 0.2449622166 0.4944949737 0.0806045340 0.1163235998
2 0.4622166247 0.4858784107 0.0365239295 0.0770703686
2 0.5018891688 0.4892292963 0.0415617128 0.0852082336
2 0.6032745592 0.4839636190 0.1284634761 0.2580181905
2 0.8532745592 0.4566778363 0.0465994962 0.0502632839
1 0.0163727960 0.5078985160 0.0327455919 0.0449976065
3 0.1013853904 0.5146002872 0.0661209068 0.0105313547
1 0.2764483627 0.5160363810 0.0465994962 0.0584011489
1 0.3589420655 0.5050263284 0.0384130982 0.0440402106
1 0.3910579345 0.5179511728 0.0591939547 0.0694112015
1 0.7222921914 0.5203446625 0.0642317380 0.0612733365
4 0.8154911839 0.5112494016 0.0232997481 0.0890378171
2 0.9030226700 0.5581617999 0.1335012594 0.1565342269
2 0.9817380353 0.5495452370 0.0346347607 0.1311632360
0 0.8161209068 0.5667783629 0.0340050378 0.0311153662
0 0.4501262626 0.5211132438 0.0202020202 0.0158349328
0 0.1540404040 0.7356046065 0.1167929293 0.0916506718
