4 0.5465994962 0.5031115366 0.0226700252 0.0631881283
2 0.6939546599 0.5088559119 0.0321158690 0.0387745333
2 0.7191435768 0.5126854955 0.0440806045 0.0435615127
2 0.7632241814 0.5112494016 0.0478589421 0.0502632839
2 0.6555415617 0.4916227860 0.1026448363 0.1881282910
2 0.4288413098 0.4782192437 0.1738035264 0.3566299665
2 0.3293450882 0.4317855433 0.0598236776 0.1005265677
1 0.2084382872 0.5744375299 0.1788413098 0.2623264720
1 0.3110831234 0.5433221637 0.1102015113 0.1306845381
1 0.7783375315 0.5404499761 0.0963476071 0.1110579225
1 0.5163727960 0.5122067975 0.0428211587 0.0497845859
