2 0.4109470026 0.4821664465 0.0695047785 0.1400264201
2 0.5690703736 0.4762219287 0.1068635969 0.2859973580
1 0.0178105995 0.5092470277 0.0356211990 0.0495376486
1 0.1086012163 0.5383091149 0.0877497828 0.1155878468
1 0.2172024327 0.5085865258 0.0408340573 0.0416116248
0 0.4682884448 0.5634081902 0.0451781060 0.0323645971
1 0.0314943527 0.5951122853 0.0629887055 0.1512549538
1 0.8253692441 0.5733157199 0.2041702867 0.2027741083
3 0.8168983493 0.7892998679 0.3662033015 0.3837516513
4 0.3620906801 0.4921014840 0.0144836272 0.0315940641
