2 0.4666666667 0.4760994264 0.1364779874 0.3193116635
2 0.5779874214 0.4789674952 0.1018867925 0.1735181644
2 0.7226415094 0.4789674952 0.1251572327 0.2304015296
1 0.0286163522 0.5650095602 0.0572327044 0.1300191205
1 0.0754716981 0.5148183556 0.0452830189 0.0530592734
1 0.1874213836 0.5138623327 0.0509433962 0.0540152964
1 0.2729559748 0.5119502868 0.0484276730 0.0597514340
4 0.8849056604 0.5344168260 0.0974842767 0.3197896750
3 0.4294710327 0.5270464337 0.4156171285 0.0119674485
1 0.2185138539 0.5045476304 0.0352644836 0.0397319292
