1 0.0564726325 0.4966974901 0.0443092963 0.0422721268
4 0.0990443093 0.4894319683 0.0208514335 0.0541611625
2 0.2093959732 0.4979591837 0.0389261745 0.0377551020
1 0.4013900956 0.4960369881 0.0321459600 0.0455746367
2 0.5751520417 0.4729194188 0.1355343180 0.3236459709
1 0.0086880973 0.5066050198 0.0173761946 0.0574636724
2 0.2510067114 0.5015306122 0.0751677852 0.0418367347
1 0.3631624674 0.5237780713 0.0825369244 0.0898282695
0 0.3832214765 0.5122448980 0.0174496644 0.0132653061
0 0.4557046980 0.5086734694 0.0161073826 0.0147959184
1 0.7723718506 0.6261558785 0.2059079062 0.2569352708
2 0.2518891688 0.4667304931 0.0214105793 0.0191479177
