2 0.0169463087 0.4821428571 0.0338926174 0.0954081633
2 0.1476510067 0.4857142857 0.0409395973 0.0943877551
2 0.5013422819 0.4790816327 0.1255033557 0.3137755102
2 0.6429530201 0.4872448980 0.0536912752 0.1091836735
2 0.7255033557 0.4857142857 0.0671140940 0.1448979592
0 0.0270440252 0.5348948375 0.0226415094 0.0191204589
1 0.0199685535 0.5152963671 0.0399371069 0.0587954111
1 0.0540880503 0.5071701721 0.0276729560 0.0372848948
1 0.3570469799 0.5081632653 0.0362416107 0.0433673469
1 0.3979865772 0.5229591837 0.0637583893 0.0775510204
1 0.4469798658 0.5076530612 0.0382550336 0.0387755102
3 0.6536523929 0.5203446625 0.2556675063 0.0110100527
1 0.8308176101 0.5616634799 0.1201257862 0.1706500956
4 0.9696540881 0.5454110899 0.0606918239 0.3518164436
4 0.8066750630 0.5165150790 0.0447103275 0.1483963619
