3 0.1264168766 0.5509813308 0.2528337531 0.0435615127
1 0.8998740554 0.5193872666 0.0541561713 0.0545715653
1 0.9200251889 0.5418860699 0.0799748111 0.1053135472
1 0.9609571788 0.5720440402 0.0780856423 0.1823839157
1 0.5119647355 0.5366203925 0.0705289673 0.1139301101
1 0.2758186398 0.5466730493 0.1089420655 0.1335567257
2 0.0705289673 0.4839636190 0.1221662469 0.3068453806
2 0.4112090680 0.4638583054 0.3085642317 0.5059837243
2 0.3217884131 0.4820488272 0.0724181360 0.1431306845
4 0.7959697733 0.5088559119 0.0264483627 0.0852082336
4 0.9445843829 0.5078985160 0.0195214106 0.0713259933
