1 0.0563602015 0.5658209670 0.1127204030 0.1924365725
1 0.0761964736 0.4935375778 0.0289672544 0.0330301580
1 0.4389168766 0.5189085687 0.0654911839 0.0813786501
1 0.7928211587 0.5548109143 0.1127204030 0.1397797989
3 0.1001259446 0.4892292963 0.0100755668 0.0325514600
0 0.3765743073 0.5165150790 0.0176322418 0.0162757300
2 0.1618387909 0.4791766395 0.0516372796 0.0818573480
2 0.4080604534 0.4806127334 0.0465994962 0.1072283389
2 0.4603274559 0.4844423169 0.0403022670 0.0919100048
2 0.5295969773 0.4638583054 0.1801007557 0.4217328865
3 0.8255667506 0.5528961225 0.3476070529 0.0430828147
3 0.3073047859 0.5040689325 0.0705289673 0.0148396362
