1 0.4943324937 0.5227381522 0.0774559194 0.0722833892
4 0.5724181360 0.5083772140 0.0308564232 0.0914313068
2 0.8192695214 0.5260890378 0.0692695214 0.0516993777
2 0.8734256927 0.5217807563 0.0554156171 0.0698898995
2 0.9124685139 0.5294399234 0.0472292191 0.0531354715
1 0.3602015113 0.5816179990 0.1744332494 0.2168501675
1 0.1042191436 0.8707515558 0.2084382872 0.2561033988
0 0.1643576826 0.9594303494 0.2128463476 0.0811393011
2 0.0478589421 0.4657730972 0.0144836272 0.0196266156
2 0.0642317380 0.4672091910 0.0151133501 0.0143609382
2 0.1001259446 0.4662517951 0.0157430730 0.0153183341
2 0.1183879093 0.4667304931 0.0151133501 0.0153183341
