4 0.3123425693 0.4643370034 0.0352644836 0.0502632839
4 0.1108312343 0.5447582575 0.1089420655 0.3341311632
1 0.3003778338 0.5490665390 0.1146095718 0.1388224031
0 0.5012594458 0.5246529440 0.0163727960 0.0167544280
0 0.5950881612 0.5414073719 0.0289672544 0.0229775012
0 0.6996221662 0.5236955481 0.0214105793 0.0095739588
2 0.5044080605 0.4839636190 0.0774559194 0.0818573480
2 0.5560453401 0.5179511728 0.1026448363 0.0703685974
2 0.6763224181 0.5174724749 0.0969773300 0.0660603159
1 0.7178841310 0.5078985160 0.0358942065 0.0478697942
