2 0.4023929471 0.4959310675 0.1089420655 0.1857348013
2 0.6479848866 0.4906653901 0.0528967254 0.1206318813
2 0.7285894207 0.4825275251 0.0724181360 0.1708951652
2 0.0099181360 0.5045476304 0.0198362720 0.0473910962
0 0.0358942065 0.5303973193 0.0182619647 0.0162757300
1 0.0680100756 0.5476304452 0.0440806045 0.0832934418
1 0.1171284635 0.5629487793 0.1013853904 0.1426519866
1 0.1297229219 0.5270464337 0.0327455919 0.0469123983
1 0.3381612091 0.5284825275 0.0491183879 0.0617520345
3 0.4867758186 0.5342269028 0.4754408060 0.0110100527
4 0.9414357683 0.5390138822 0.0931989924 0.3312589756
1 0.3712072305 0.5157016683 0.0271142673 0.0485770363
1 0.3938024532 0.5515210991 0.0406714009 0.0343473994
