1 0.0774559194 0.5208233605 0.0264483627 0.0378171374
1 0.0969773300 0.5275251316 0.0447103275 0.0536141695
1 0.1750629723 0.5342269028 0.0648614610 0.0785064624
1 0.2159949622 0.5208233605 0.0384130982 0.0440402106
1 0.3866498741 0.5179511728 0.0465994962 0.0497845859
1 0.5730478589 0.5624700814 0.1234256927 0.1694590713
4 0.7040302267 0.5433221637 0.1057934509 0.3532790809
4 0.5566750630 0.4667304931 0.0371536524 0.0430828147
2 0.5358942065 0.4897079943 0.0535264484 0.1349928195
2 0.2651133501 0.4906653901 0.0478589421 0.0938247966
0 0.5000000000 0.5485878411 0.0327455919 0.0239348971
