2 0.2034005038 0.4968884634 0.0585642317 0.0995691719
2 0.5377833753 0.4892292963 0.0491183879 0.1124940163
4 0.6882871537 0.4968884634 0.0176322418 0.0493058880
4 0.7984886650 0.4964097654 0.0176322418 0.0483484921
1 0.2437027708 0.5179511728 0.0491183879 0.0588798468
1 0.3438287154 0.5347056008 0.0761964736 0.0995691719
1 0.3986146096 0.5471517472 0.1127204030 0.1306845381
0 0.4351385390 0.5308760172 0.0239294710 0.0177118238
1 0.7625944584 0.5107707037 0.0440806045 0.0445189086
1 0.8073047859 0.5184298708 0.0522670025 0.0660603159
2 0.9244332494 0.5059837243 0.0484886650 0.0392532312
0 0.9112090680 0.5236955481 0.0214105793 0.0162757300
2 0.9697732997 0.5098133078 0.0560453401 0.0392532312
3 0.1146095718 0.5777884155 0.2292191436 0.0895165151
1 0.6624685139 0.5753949258 0.1498740554 0.1991383437
2 0.6209068010 0.4691239828 0.0415617128 0.0282431786
