2 0.4729219144 0.4973671613 0.0207808564 0.0488271900
2 0.5170025189 0.4992819531 0.0264483627 0.0430828147
2 0.5793450882 0.4964097654 0.0245591940 0.0694112015
0 0.1801007557 0.5323121111 0.0170025189 0.0167544280
4 0.2676322418 0.5007180469 0.0119647355 0.0210627094
1 0.2644836272 0.5141215893 0.0258186398 0.0253709909
4 0.3362720403 0.5069411202 0.0088161209 0.0311153662
1 0.3022670025 0.5131641934 0.0239294710 0.0292005744
1 0.3129722922 0.5102920057 0.0188916877 0.0210627094
3 0.5541561713 0.5203446625 0.0497481108 0.0124461465
0 0.5957178841 0.5313547152 0.0195214106 0.0162757300
1 0.6196473552 0.5361416946 0.0686397985 0.0765916707
3 0.9231738035 0.5605552896 0.1448362720 0.0311153662
1 0.1448362720 0.5686931546 0.1183879093 0.1522259454
1 0.9162468514 0.5749162279 0.1353904282 0.1838200096
1 0.8997166247 0.6845380565 0.2005667506 0.5026328387
0 0.8079345088 0.8094782192 0.1316120907 0.1029200574
2 0.7147355164 0.5074198181 0.2651133501 0.4983245572
