4 0.7002518892 0.4935375778 0.0138539043 0.0272857827
0 0.4590680101 0.5327908090 0.0207808564 0.0167544280
1 0.7443324937 0.5002393490 0.0277078086 0.0263283868
1 0.6945843829 0.5078985160 0.0277078086 0.0349449497
1 0.6593198992 0.5069411202 0.0283375315 0.0311153662
1 0.7865239295 0.6409765438 0.2751889169 0.3489707994
1 0.2827455919 0.5131641934 0.0295969773 0.0349449497
2 0.9812657431 0.4834849210 0.0374685139 0.0957395883
2 0.7525188917 0.4897079943 0.0289672544 0.0588798468
2 0.7682619647 0.4863571087 0.0207808564 0.0655816180
4 0.7764483627 0.4983245572 0.0081863980 0.0373384394
2 0.7972292191 0.4863571087 0.0226700252 0.0593585448
2 0.6555415617 0.4820488272 0.0157430730 0.0162757300
2 0.8816120907 0.4758257539 0.0195214106 0.0129248444
2 0.6706549118 0.4815701292 0.0188916877 0.0143609382
2 0.9030226700 0.4758257539 0.0119647355 0.0153183341
2 0.9105793451 0.4772618478 0.0132241814 0.0134035424
2 0.0195214106 0.5031115366 0.0207808564 0.0512206798
