1 0.0730478589 0.5725227382 0.1177581864 0.1527046434
4 0.7808564232 0.4983245572 0.0144836272 0.0330301580
4 0.7103274559 0.4988032551 0.0125944584 0.0315940641
1 0.7537783375 0.5016754428 0.0258186398 0.0263283868
1 0.7210327456 0.5098133078 0.0245591940 0.0315940641
1 0.6838790932 0.5074198181 0.0264483627 0.0292005744
2 0.8916876574 0.4873145045 0.0214105793 0.0603159406
1 0.3312342569 0.5136428913 0.0289672544 0.0339875539
0 0.5333753149 0.5318334131 0.0195214106 0.0172331259
0 0.9666246851 0.5078985160 0.0138539043 0.0110100527
2 0.9773299748 0.4810914313 0.0314861461 0.0459550024
1 0.9585957179 0.5725227382 0.0828085642 0.1512685495
