2 0.4993702771 0.4954523696 0.0654911839 0.1397797989
0 0.2657430730 0.5509813308 0.0283375315 0.0253709909
4 0.6454659950 0.5122067975 0.0283375315 0.0770703686
1 0.7336272040 0.5189085687 0.0465994962 0.0526567736
4 0.7707808564 0.5074198181 0.0245591940 0.0651029201
1 0.8413098237 0.5332695069 0.0743073048 0.0928674007
2 0.9193954660 0.5131641934 0.0522670025 0.0406893250
0 0.9118387909 0.5299186213 0.0195214106 0.0148396362
2 0.9718198992 0.5146002872 0.0563602015 0.0469123983
1 0.1486146096 0.6495931067 0.2638539043 0.3470560077
3 0.0358942065 0.5658209670 0.0705289673 0.0368597415
