2 0.2449622166 0.4911440881 0.0447103275 0.0737194830
2 0.3539042821 0.4906653901 0.0396725441 0.0746768789
2 0.4036523929 0.4911440881 0.0384130982 0.0813786501
4 0.4748110831 0.4877932025 0.0170025189 0.0244135950
2 0.7052896725 0.4820488272 0.1007556675 0.2426998564
3 0.0573047859 0.5361416946 0.1133501259 0.0268070847
1 0.1190176322 0.5270464337 0.0390428212 0.0555289612
1 0.1467254408 0.5351842987 0.0617128463 0.0713259933
1 0.4754408060 0.5146002872 0.0497481108 0.0560076592
1 0.5522670025 0.5078985160 0.0447103275 0.0411680230
4 0.6020151134 0.5011967449 0.0188916877 0.0540928674
2 0.7751889169 0.5074198181 0.0673803526 0.0411680230
0 0.8891687657 0.5208233605 0.0170025189 0.0143609382
1 0.8513853904 0.5337482049 0.0793450882 0.0990904739
1 0.9042821159 0.5055050263 0.0396725441 0.0464337003
0 0.7833753149 0.5931067496 0.0522670025 0.0411680230
2 0.9452141058 0.4791766395 0.0207808564 0.0277644806
