4 0.2437027708 0.5217807563 0.0484886650 0.1699377693
4 0.3211586902 0.4758257539 0.0270780856 0.0344662518
0 0.6177581864 0.5610339876 0.0377833753 0.0335088559
1 0.9773299748 0.5117280996 0.0440806045 0.0579224509
1 0.8312342569 0.5414073719 0.0931989924 0.1220679751
2 0.7147355164 0.4767831498 0.1353904282 0.3293441838
2 0.6272040302 0.4839636190 0.0755667506 0.1708951652
2 0.5913098237 0.5141215893 0.0894206549 0.0550502633
2 0.4993702771 0.5150789852 0.1039042821 0.0569650551
2 0.1542821159 0.4911440881 0.1586901763 0.4174246051
1 0.3186397985 0.5308760172 0.0705289673 0.0895165151
