2 0.3809823678 0.4964097654 0.0340050378 0.0674964098
2 0.4552896725 0.4949736716 0.0321158690 0.0660603159
2 0.5044080605 0.4949736716 0.0384130982 0.0703685974
4 0.5705289673 0.4901866922 0.0132241814 0.0191479177
2 0.7046599496 0.4839636190 0.0862720403 0.1780756343
3 0.1599496222 0.5457156534 0.2052896725 0.0373384394
1 0.2972292191 0.5299186213 0.0541561713 0.0660603159
1 0.2726700252 0.5260890378 0.0340050378 0.0493058880
1 0.5698992443 0.5146002872 0.0428211587 0.0493058880
1 0.6410579345 0.5078985160 0.0390428212 0.0349449497
2 0.8192695214 0.5069411202 0.0692695214 0.0406893250
0 0.8085642317 0.5203446625 0.0176322418 0.0143609382
1 0.8639798489 0.5246529440 0.0680100756 0.0813786501
0 0.9357682620 0.5169937769 0.0125944584 0.0153183341
0 0.6945843829 0.5691718526 0.0409319899 0.0315940641
1 0.9258501259 0.6127333652 0.1482997481 0.2355193873
2 0.9767002519 0.4801340354 0.0201511335 0.0282431786
