2 0.4489924433 0.4925801819 0.0793450882 0.1407371948
2 0.5919395466 0.4901866922 0.0528967254 0.1101005266
2 0.6536523929 0.4844423169 0.0478589421 0.1407371948
2 0.0239294710 0.5040689325 0.0302267003 0.0502632839
0 0.0610831234 0.5236955481 0.0151133501 0.0129248444
1 0.1265743073 0.5323121111 0.0497481108 0.0713259933
1 0.1523929471 0.5174724749 0.0163727960 0.0406893250
1 0.1782115869 0.5409286740 0.0780856423 0.1000478698
1 0.3400503778 0.5213020584 0.0396725441 0.0507419818
1 0.3872795970 0.5208233605 0.0610831234 0.0670177118
4 0.7166246851 0.5198659646 0.0623425693 0.2455720440
1 0.8482367758 0.6534226903 0.3035264484 0.4068932504
3 0.4767002519 0.5299186213 0.4269521411 0.0148396362
