2 0.0900503778 0.4576352322 0.0591939547 0.0574437530
2 0.1851385390 0.4949736716 0.0749370277 0.1632359981
2 0.6649874055 0.4667304931 0.0321158690 0.0272857827
2 0.7046599496 0.4648157013 0.0365239295 0.0430828147
2 0.7714105793 0.4681665869 0.0440806045 0.0598372427
2 0.9590680101 0.4605074198 0.0270780856 0.0268070847
2 0.9351385390 0.4652943992 0.0245591940 0.0191479177
2 0.9823677582 0.4561991383 0.0340050378 0.0325514600
4 0.0159005038 0.5035902346 0.0318010076 0.0670177118
2 0.0560453401 0.6290090953 0.1120906801 0.3011010053
1 0.2619647355 0.5682144567 0.1246851385 0.1421732887
0 0.7840050378 0.6663475347 0.0850125945 0.0689325036
