0 0.2273299748 0.4715174725 0.0119647355 0.0100526568
2 0.2399244332 0.4959310675 0.0327455919 0.0627094303
2 0.3545340050 0.4949736716 0.0352644836 0.0689325036
2 0.3293450882 0.4954523696 0.0258186398 0.0555289612
2 0.5132241814 0.4892292963 0.2002518892 0.4341790330
4 0.0182619647 0.5093346099 0.0132241814 0.0373384394
1 0.0636020151 0.5126854955 0.0251889169 0.0253709909
4 0.0881612091 0.5069411202 0.0151133501 0.0368597415
1 0.0333753149 0.5160363810 0.0258186398 0.0344662518
1 0.0799748111 0.5193872666 0.0258186398 0.0311153662
0 0.4590680101 0.5284825275 0.0232997481 0.0157970321
1 0.6448362720 0.5284825275 0.0705289673 0.0789851604
3 0.8959382872 0.5414073719 0.2081234257 0.0181905218
0 0.5906801008 0.6586883676 0.0862720403 0.0617520345
1 0.7556675063 0.6381043562 0.2575566751 0.3393968406
