4 0.2185138539 0.4959310675 0.0107052897 0.0153183341
2 0.2462216625 0.4983245572 0.0170025189 0.0430828147
2 0.2814861461 0.4964097654 0.0201511335 0.0464337003
2 0.5472292191 0.4911440881 0.0604534005 0.0957395883
0 0.1341309824 0.5327908090 0.0195214106 0.0167544280
1 0.2172544081 0.5126854955 0.0220403023 0.0253709909
4 0.2903022670 0.5040689325 0.0119647355 0.0315940641
1 0.2594458438 0.5107707037 0.0264483627 0.0315940641
3 0.5094458438 0.5179511728 0.0579345088 0.0129248444
0 0.5774559194 0.5313547152 0.0188916877 0.0157970321
1 0.6404282116 0.5337482049 0.0730478589 0.0909526089
2 0.8715365239 0.5026328387 0.1039042821 0.2364767831
3 0.9395465995 0.5615126855 0.1209068010 0.0248922930
1 0.1253148615 0.5931067496 0.1738035264 0.2178075634
1 0.9864609572 0.6232647200 0.0270780856 0.0952608904
