2 0.6857682620 0.4964097654 0.0207808564 0.0426041168
2 0.6530226700 0.4959310675 0.0195214106 0.0516993777
2 0.7676322418 0.4916227860 0.0327455919 0.0698898995
2 0.8759445844 0.4820488272 0.1920654912 0.4049784586
1 0.1215365239 0.5136428913 0.0302267003 0.0339875539
0 0.3438287154 0.5308760172 0.0176322418 0.0153183341
1 0.4855163728 0.5078985160 0.0201511335 0.0205840115
1 0.4351385390 0.5112494016 0.0226700252 0.0263283868
1 0.4716624685 0.5107707037 0.0232997481 0.0282431786
4 0.4408060453 0.5031115366 0.0125944584 0.0287218765
4 0.5094458438 0.5050263284 0.0125944584 0.0306366683
3 0.7304785894 0.5184298708 0.0648614610 0.0167544280
0 0.7745591940 0.5303973193 0.0188916877 0.0167544280
1 0.2764483627 0.5691718526 0.1278337531 0.1574916228
0 0.9310453401 0.9061752034 0.1379093199 0.1220679751
1 0.7991183879 0.5366203925 0.0730478589 0.0823360460
