2 0.7896725441 0.4873145045 0.0264483627 0.0665390139
2 0.8772040302 0.4911440881 0.0528967254 0.0670177118
2 0.8727959698 0.4585926281 0.0314861461 0.0253709909
2 0.0409319899 0.5002393490 0.0232997481 0.0627094303
1 0.1725440806 0.5122067975 0.0270780856 0.0359023456
0 0.3356423174 0.5289612255 0.0207808564 0.0181905218
1 0.5201511335 0.5050263284 0.0251889169 0.0301579703
1 0.5573047859 0.5055050263 0.0207808564 0.0301579703
0 0.8419395466 0.5370990905 0.0245591940 0.0229775012
3 0.8765743073 0.5117280996 0.0604534005 0.0119674485
1 0.5132241814 0.5835327908 0.1114609572 0.2020105314
4 0.5661209068 0.4978458593 0.0113350126 0.0296792724
