2 0.0698992443 0.4877932025 0.0503778338 0.0363810436
2 0.1297229219 0.4897079943 0.0761964736 0.0411680230
0 0.0598236776 0.5050263284 0.0182619647 0.0162757300
2 0.2380352645 0.4571565342 0.1127204030 0.2044040211
2 0.3520151134 0.4533269507 0.1360201511 0.2312111058
2 0.6794710327 0.4557204404 0.0686397985 0.1555768310
1 0.4515113350 0.4940162757 0.0579345088 0.0660603159
1 0.7840050378 0.4959310675 0.0547858942 0.0617520345
1 0.1103589421 0.6711345141 0.2207178841 0.3714696027
4 0.9552896725 0.4696026807 0.0132241814 0.0382958353
