2 0.1838790932 0.4629009095 0.0743073048 0.1536620393
2 0.4540302267 0.4389660124 0.0440806045 0.0502632839
2 0.5182619647 0.4322642413 0.0717884131 0.1191957875
2 0.9187657431 0.4490186692 0.1612090680 0.4327429392
4 0.8772040302 0.4758257539 0.0321158690 0.0938247966
1 0.7726700252 0.5117280996 0.1001259446 0.1211105792
1 0.5170025189 0.5327908090 0.1328715365 0.1632359981
1 0.3243073048 0.4935375778 0.0692695214 0.0761129727
1 0.4546599496 0.4868358066 0.0459697733 0.0483484921
3 0.2292191436 0.5074198181 0.4156171285 0.0315940641
