4 0.1845088161 0.4686452848 0.0251889169 0.0416467209
4 0.2676322418 0.4786979416 0.0195214106 0.0536141695
0 0.0081863980 0.6065102920 0.0163727960 0.0507419818
2 0.4521410579 0.4830062231 0.0673803526 0.0363810436
2 0.3948362720 0.4844423169 0.0308564232 0.0320727621
2 0.5283375315 0.4571565342 0.1196473552 0.1842987075
2 0.2065491184 0.4624222116 0.0818639798 0.1584490187
2 0.1442065491 0.4638583054 0.0472292191 0.1230253710
2 0.0182619647 0.4672091910 0.0365239295 0.1230253710
1 0.0988664987 0.5356629966 0.1215365239 0.1584490187
1 0.3350125945 0.5466730493 0.1410579345 0.1838200096
1 0.3765743073 0.4940162757 0.0522670025 0.0593585448
1 0.6467254408 0.5260890378 0.1070528967 0.1359502154
1 0.7298488665 0.4873145045 0.0390428212 0.0488271900
1 0.9603274559 0.4897079943 0.0365239295 0.0497845859
1 0.2487405542 0.4863571087 0.0365239295 0.0454763045
