4 0.3664987406 0.4719961704 0.0119647355 0.0330301580
4 0.4382871537 0.4676878889 0.0094458438 0.0263283868
1 0.4149874055 0.4743896601 0.0258186398 0.0220201053
1 0.4338790932 0.4791766395 0.0258186398 0.0292005744
1 0.3872795970 0.4782192437 0.0270780856 0.0301579703
1 0.0604534005 0.4882719004 0.0340050378 0.0440402106
2 0.5900503778 0.4619435136 0.0239294710 0.0483484921
2 0.6240554156 0.4619435136 0.0264483627 0.0502632839
2 0.6593198992 0.4624222116 0.0226700252 0.0512206798
2 0.7380352645 0.4662517951 0.0214105793 0.0579224509
0 0.5686397985 0.5270464337 0.0321158690 0.0296792724
0 0.8583123426 0.9612254667 0.1889168766 0.0770703686
1 0.8929471033 0.5959789373 0.1429471033 0.1153662039
2 0.8136020151 0.4456677836 0.3727959698 0.7324078506
3 0.6813602015 0.4844423169 0.0774559194 0.0143609382
