1 0.2670025189 0.4897079943 0.0283375315 0.0555289612
2 0.3318639798 0.4576352322 0.0654911839 0.1268549545
4 0.3727959698 0.4696026807 0.0113350126 0.0282431786
2 0.4313602015 0.4600287219 0.0516372796 0.1191957875
1 0.7518891688 0.4959310675 0.0591939547 0.0732407851
1 0.3010075567 0.5313547152 0.1347607053 0.1613212063
0 0.3243073048 0.5146002872 0.0170025189 0.0205840115
1 0.8923173804 0.5002393490 0.0591939547 0.0861656295
3 0.9464735516 0.5155576831 0.0654911839 0.0172331259
1 0.9803211587 0.5055050263 0.0393576826 0.1005265677
