4 0.2191435768 0.4667304931 0.0132241814 0.0181905218
1 0.2197732997 0.4810914313 0.0220403023 0.0296792724
4 0.2909319899 0.4734322642 0.0144836272 0.0349449497
1 0.2644836272 0.4806127334 0.0270780856 0.0311153662
2 0.4414357683 0.4638583054 0.0308564232 0.0607946386
2 0.5270780856 0.4629009095 0.0308564232 0.0445189086
0 0.5333753149 0.4648157013 0.0157430730 0.0153183341
2 0.5497481108 0.4629009095 0.0453400504 0.0751555768
0 0.6108312343 0.4997606510 0.0239294710 0.0186692197
0 0.1316120907 0.5031115366 0.0107052897 0.0143609382
1 0.7216624685 0.5069411202 0.0736775819 0.0895165151
1 0.1863979849 0.6213499282 0.2808564232 0.3604595500
3 0.9620591940 0.5265677358 0.0758816121 0.0224988033
3 0.5251889169 0.4873145045 0.0698992443 0.0138822403
