4 0.0321158690 0.4786979416 0.0170025189 0.0564863571
1 0.0913098237 0.4834849210 0.0358942065 0.0378171374
4 0.1221662469 0.4609861178 0.0138539043 0.0205840115
1 0.1196473552 0.4877932025 0.0396725441 0.0550502633
2 0.2311083123 0.4815701292 0.0352644836 0.0311153662
2 0.2795969773 0.4834849210 0.0654911839 0.0330301580
0 0.4137279597 0.4873145045 0.0138539043 0.0119674485
1 0.3853904282 0.4796553375 0.0277078086 0.0315940641
0 0.3740554156 0.4897079943 0.0144836272 0.0119674485
1 0.4773299748 0.4906653901 0.0459697733 0.0545715653
2 0.6423173804 0.4432742939 0.2770780856 0.4810914313
1 0.0267632242 0.5155576831 0.0535264484 0.1110579225
1 0.7405541562 0.5002393490 0.0503778338 0.0674964098
