4 0.0371536524 0.4777405457 0.0132241814 0.0311153662
0 0.3186397985 0.5083772140 0.0214105793 0.0191479177
2 0.0190491184 0.4729535663 0.0380982368 0.2067975108
2 0.1095717884 0.4681665869 0.0491183879 0.0828147439
2 0.4017632242 0.4681665869 0.0358942065 0.0746768789
1 0.6618387909 0.4839636190 0.0283375315 0.0315940641
1 0.5944584383 0.4801340354 0.0239294710 0.0277644806
1 0.6102015113 0.4820488272 0.0283375315 0.0320727621
1 0.6379093199 0.4897079943 0.0428211587 0.0560076592
1 0.9112090680 0.4964097654 0.0547858942 0.0780277645
4 0.8910579345 0.4810914313 0.0258186398 0.0823360460
4 0.9716624685 0.4873145045 0.0308564232 0.1244614648
1 0.0210957179 0.5643848731 0.0421914358 0.0919100048
1 0.2569269521 0.4868358066 0.0264483627 0.0344662518
1 0.2795969773 0.4925801819 0.0421914358 0.0497845859
1 0.7903022670 0.5811393011 0.1870277078 0.2465294399
2 0.5069269521 0.5222594543 0.2424433249 0.1244614648
2 0.6731738035 0.5308760172 0.2972292191 0.1656294878
2 0.7802267003 0.4370512207 0.0302267003 0.0354236477
2 0.8010075567 0.4437529919 0.0302267003 0.0387745333
2 0.9729219144 0.4222115845 0.0239294710 0.0148396362
