1 0.0799748111 0.4801340354 0.0384130982 0.0512206798
2 0.0585642317 0.4834849210 0.0541561713 0.0593585448
2 0.1574307305 0.4858784107 0.1064231738 0.0622307324
2 0.2714105793 0.4561991383 0.0258186398 0.0483484921
2 0.3022670025 0.4571565342 0.0283375315 0.0435615127
1 0.5667506297 0.4724748684 0.0358942065 0.0392532312
0 0.8047858942 0.4954523696 0.0207808564 0.0172331259
1 0.8960957179 0.4767831498 0.0226700252 0.0301579703
4 0.9011335013 0.4605074198 0.0100755668 0.0201053135
4 0.9666246851 0.4696026807 0.0151133501 0.0349449497
1 0.9420654912 0.4715174725 0.0232997481 0.0272857827
1 0.9338790932 0.4782192437 0.0245591940 0.0272857827
0 0.2185138539 0.5385351843 0.0447103275 0.0368597415
1 0.6687657431 0.5562470081 0.1719143577 0.2187649593
1 0.1687657431 0.5552896123 0.1580604534 0.2259454284
