2 0.6404282116 0.4892292963 0.0850125945 0.0579224509
2 0.1933249370 0.4609861178 0.0371536524 0.0765916707
2 0.2292191436 0.4547630445 0.0308564232 0.0689325036
0 0.8463476071 0.5102920057 0.0270780856 0.0229775012
0 0.9900818640 0.5045476304 0.0198362720 0.0220201053
4 0.3583123426 0.4729535663 0.0239294710 0.0603159406
4 0.5081863980 0.4710387745 0.0214105793 0.0617520345
1 0.4389168766 0.4796553375 0.0491183879 0.0435615127
1 0.0136964736 0.4853997128 0.0273929471 0.0454763045
1 0.1139798489 0.5519387267 0.1391687657 0.1977022499
1 0.2418136020 0.4868358066 0.0497481108 0.0588798468
1 0.7008816121 0.4796553375 0.0421914358 0.0454763045
1 0.8778337531 0.4892292963 0.0510075567 0.0684538056
2 0.3595717884 0.4375299186 0.0371536524 0.0220201053
2 0.8066750630 0.4418382001 0.0182619647 0.0143609382
