2 0.0253463476 0.4901866922 0.0506926952 0.0660603159
1 0.0340050378 0.4882719004 0.0421914358 0.0545715653
2 0.0969773300 0.4930588798 0.0623425693 0.0765916707
1 0.5264483627 0.4758257539 0.0321158690 0.0368597415
2 0.6826196474 0.4480612733 0.1385390428 0.2733365247
0 0.7739294710 0.4959310675 0.0188916877 0.0172331259
4 0.9068010076 0.4696026807 0.0119647355 0.0349449497
0 0.2430730479 0.5519387267 0.0472292191 0.0368597415
1 0.8394206549 0.5495452370 0.1637279597 0.2029679272
1 0.3280856423 0.5887984682 0.2279596977 0.3101962662
4 0.8425692695 0.4676878889 0.0132241814 0.0301579703
