4 0.1146095718 0.4724748684 0.0113350126 0.0330301580
1 0.1630982368 0.4834849210 0.0270780856 0.0301579703
1 0.1202770781 0.4815701292 0.0251889169 0.0311153662
4 0.1863979849 0.4739109622 0.0151133501 0.0344662518
0 0.4049118388 0.4561991383 0.0138539043 0.0114887506
2 0.3677581864 0.4715174725 0.0163727960 0.0402106271
2 0.4338790932 0.4633796075 0.0239294710 0.0550502633
2 0.4609571788 0.4652943992 0.0226700252 0.0612733365
2 0.4748110831 0.4700813787 0.0409319899 0.0550502633
0 0.0434508816 0.5102920057 0.0220403023 0.0191479177
0 0.5314861461 0.5002393490 0.0226700252 0.0177118238
1 0.6863979849 0.5064624222 0.0717884131 0.0919100048
3 0.9334068010 0.5241742461 0.1331863980 0.0220201053
1 0.3469773300 0.6845380565 0.4382871537 0.5385351843
