0 0.2871536524 0.5327908090 0.0365239295 0.0311153662
2 0.2739294710 0.4820488272 0.0497481108 0.0512206798
2 0.3192695214 0.4844423169 0.0654911839 0.0607946386
2 0.3614609572 0.4806127334 0.0403022670 0.0488271900
2 0.6353904282 0.4585926281 0.0535264484 0.0732407851
1 0.8526448363 0.4743896601 0.0371536524 0.0430828147
4 0.0837531486 0.4748683581 0.0289672544 0.0765916707
1 0.0352644836 0.4944949737 0.0604534005 0.0679751077
1 0.0787153652 0.5299186213 0.1070528967 0.1503111537
1 0.2374055416 0.5940641455 0.2260705290 0.2996649114
