1 0.0100755668 0.4782192437 0.0201511335 0.0258496888
1 0.0264483627 0.4834849210 0.0245591940 0.0311153662
4 0.0321158690 0.4700813787 0.0138539043 0.0253709909
2 0.1700251889 0.4633796075 0.0245591940 0.0507419818
2 0.2052896725 0.4629009095 0.0283375315 0.0516993777
2 0.2380352645 0.4648157013 0.0220403023 0.0488271900
2 0.3154911839 0.4715174725 0.0308564232 0.0445189086
2 0.4767002519 0.4581139301 0.4269521411 0.7271421733
1 0.8400503778 0.4978458593 0.0510075567 0.0933460986
0 0.1542821159 0.5327908090 0.0327455919 0.0277644806
1 0.9817380353 0.5088559119 0.0365239295 0.1258975586
1 0.5025188917 0.5734801340 0.1605793451 0.1378650072
1 0.8022670025 0.6716132121 0.3954659950 0.5418860699
0 0.7292191436 0.9205361417 0.2128463476 0.1081857348
3 0.7399244332 0.5069411202 0.1712846348 0.0191479177
3 0.2562972292 0.4868358066 0.0837531486 0.0129248444
