2 0.2600755668 0.4600287219 0.0377833753 0.0899952130
2 0.0648614610 0.4935375778 0.0680100756 0.0756342748
1 0.0151133501 0.4882719004 0.0302267003 0.0603159406
0 0.7644836272 0.4983245572 0.0232997481 0.0177118238
1 0.2298488665 0.6060315941 0.2468513854 0.3451412159
1 0.8230478589 0.5658209670 0.1863979849 0.2316898037
1 0.5113350126 0.4777405457 0.0327455919 0.0368597415
2 0.8979848866 0.4633796075 0.0151133501 0.0469123983
2 0.8652392947 0.4600287219 0.0144836272 0.0416467209
1 0.8772040302 0.4786979416 0.0251889169 0.0282431786
