4 0.3950582147 0.5237076283 0.0374508388 0.1145664677
4 0.5519970059 0.5171251893 0.0291338023 0.0789911076
3 0.8145820239 0.5298614429 0.3262099309 0.0095556617
0 0.8595126867 0.5568225384 0.0300337877 0.0215596333
0 0.5022137887 0.9379807692 0.2030360531 0.1149038462
0 0.7963314358 0.5235576923 0.0101201771 0.0105769231
0 0.6862745098 0.5201923077 0.0101201771 0.0076923077
2 0.7900063251 0.5014423077 0.0480708412 0.0461538462
2 0.9095509171 0.5019230769 0.0183428210 0.0322115385
0 0.9171410500 0.5182692308 0.0120177103 0.0086538462
