2 0.4077273905 0.4962552786 0.1201855987 0.2692416012
2 0.8709677419 0.4951923077 0.0354206199 0.1024038462
0 0.8716002530 0.5403846154 0.0183428210 0.0144230769
0 0.0175846871 0.5949326754 0.0351693742 0.0351640359
0 0.1484979540 0.5872631669 0.0414018854 0.0342394859
0 0.4014567137 0.6172412634 0.0564201437 0.0440247282
3 0.7596457938 0.5682692308 0.4788108792 0.0538461538
0 0.7235926629 0.5312500000 0.0158127767 0.0134615385
2 0.7065148640 0.5149038462 0.0411132195 0.0456730769
2 0.9108159393 0.4951923077 0.0442757748 0.1000000000
2 0.9683744466 0.4956730769 0.0360531309 0.0831730769
2 0.8444022770 0.4971153846 0.0354206199 0.0927884615
