2 0.3634069401 0.4817833174 0.0662460568 0.0877277085
2 0.5722397476 0.4544582934 0.0365930599 0.0474592522
2 0.6088328076 0.4832214765 0.0447949527 0.1078619367
2 0.7104100946 0.4779482263 0.0687697161 0.1045062320
1 0.3817034700 0.5023969319 0.0271293375 0.0383509108
0 0.4649842271 0.5167785235 0.0233438486 0.0148609779
0 0.6088328076 0.5311601151 0.0189274448 0.0134228188
3 0.6136077938 0.5661729575 0.7727844123 0.0745341615
0 0.7589905363 0.5047938639 0.0145110410 0.0095877277
1 0.7873817035 0.5139022052 0.0365930599 0.0306807287
0 0.5066246057 0.6596356663 0.0876971609 0.0627996165
0 0.3507886435 0.7329817833 0.1148264984 0.0872483221
