2 0.0809614168 0.4822115385 0.0417457306 0.1024038462
2 0.2396713793 0.4949763715 0.0350321755 0.0347638875
2 0.3048703352 0.4625000000 0.0537634409 0.0903846154
2 0.3839342188 0.4860576923 0.0594560405 0.1125000000
2 0.4800759013 0.4774038462 0.0759013283 0.1091346154
1 0.1387819052 0.5014193654 0.0357165672 0.0416482985
0 0.1739405440 0.5163461538 0.0189753321 0.0144230769
0 0.3936908517 0.5306807287 0.0170347003 0.0129434324
0 0.5148264984 0.5033557047 0.0126182965 0.0110258869
1 0.5596214511 0.5091083413 0.0378548896 0.0349952061
3 0.4516129032 0.5745192308 0.8545224541 0.0966346154
0 0.4339025933 0.6841346154 0.0961416825 0.0692307692
0 0.3714644877 0.8122312470 0.1477058454 0.1027233636
