2 0.0104364326 0.4995192308 0.0208728653 0.1644230769
2 0.0664136622 0.4788461538 0.0752688172 0.1370192308
1 0.6027830487 0.4947115385 0.0271979760 0.0288461538
4 0.7234443746 0.4897276636 0.0119421747 0.0262780698
4 0.7762413576 0.4897276636 0.0150848523 0.0272336359
1 0.2614707731 0.5035833731 0.0358265242 0.0415671285
2 0.3023255814 0.5026278070 0.0452545569 0.0396559962
0 0.9000628536 0.5852842809 0.0452545569 0.0387004300
0 0.4718532574 0.7826923077 0.1423149905 0.0971153846
0 0.8273244782 0.8802884615 0.1733080329 0.1033653846
3 0.2506309148 0.6179290508 0.5012618297 0.1864813039
