2 0.4757097792 0.4889741131 0.0498422713 0.0508149569
2 0.6599369085 0.4856184084 0.0536277603 0.0930009588
2 0.7514195584 0.4554170662 0.0441640379 0.0445829338
2 0.7930599369 0.4822627037 0.0429022082 0.1035474593
2 0.8782334385 0.4755512943 0.0649842271 0.1160115053
1 0.5753943218 0.5000000000 0.0365930599 0.0397890700
0 0.7817034700 0.5302013423 0.0264984227 0.0167785235
1 0.9703470032 0.5071907958 0.0454258675 0.0479386385
3 0.6881703470 0.5786193672 0.6236593060 0.0431447747
0 0.5558359621 0.6466922339 0.0788643533 0.0589645254
0 0.3608832808 0.6874400767 0.1003154574 0.0728667306
