2 0.0503910000 0.4944440000 0.0460940000 0.1638890000
2 0.0878910000 0.4888890000 0.0492190000 0.1527780000
2 0.2632810000 0.4958330000 0.0500000000 0.1166670000
2 0.3480470000 0.4868060000 0.0382810000 0.0902780000
2 0.5843750000 0.4993060000 0.0375000000 0.0625000000
2 0.6125000000 0.4986110000 0.0343750000 0.0638890000
1 0.3953120000 0.5479170000 0.1218750000 0.1430560000
1 0.5062500000 0.5229170000 0.0687500000 0.0763890000
4 0.9816410000 0.5125000000 0.0320310000 0.1027780000
0 0.4715909091 0.5614203455 0.0391414141 0.0316698656
