2 0.0500000000 0.4881940000 0.0906250000 0.2152780000
2 0.1160160000 0.4819440000 0.0726560000 0.1722220000
2 0.3078130000 0.4916670000 0.0406250000 0.0916670000
2 0.5007810000 0.4881940000 0.0296870000 0.0736110000
2 0.5839840000 0.4993060000 0.0289060000 0.0513890000
1 0.1820310000 0.5284720000 0.0531250000 0.0680560000
1 0.4589840000 0.5298610000 0.0742190000 0.0902780000
2 0.5562500000 0.5000000000 0.0281250000 0.0500000000
1 0.9714840000 0.5180560000 0.0507810000 0.0555560000
0 0.4678030303 0.5585412668 0.0372474747 0.0292706334
