2 0.2906250000 0.4826390000 0.1437500000 0.2569440000
2 0.5472660000 0.4868060000 0.2007810000 0.2736110000
2 0.8679690000 0.4888890000 0.0265630000 0.0777780000
2 0.9671880000 0.4902780000 0.0234380000 0.0805560000
1 0.0894530000 0.5090280000 0.0273440000 0.0402780000
1 0.1421880000 0.5069440000 0.0250000000 0.0305560000
1 0.1187500000 0.5187500000 0.0421880000 0.0569440000
1 0.3433590000 0.5062500000 0.0210940000 0.0319440000
1 0.3640620000 0.5590280000 0.1203120000 0.1541670000
1 0.5386720000 0.5402780000 0.0585940000 0.1000000000
0 0.4438131313 0.5892514395 0.0441919192 0.0379078695
4 0.1824494949 0.5014395393 0.0164141414 0.0431861804
4 0.0978535354 0.4966410749 0.0145202020 0.0287907869
