2 0.0296870000 0.4847220000 0.0296870000 0.1083330000
2 0.0796870000 0.4840280000 0.0250000000 0.0930560000
2 0.1464840000 0.4798610000 0.0382810000 0.0847220000
2 0.1058590000 0.4750000000 0.0273440000 0.0805560000
2 0.2261720000 0.4895830000 0.0226560000 0.0708330000
2 0.1976560000 0.4819440000 0.0343750000 0.0833330000
2 0.3742190000 0.4854170000 0.0250000000 0.0680560000
1 0.4796880000 0.5097220000 0.0312500000 0.0500000000
1 0.4996090000 0.5173610000 0.0414060000 0.0597220000
1 0.5437500000 0.5131940000 0.0500000000 0.0652780000
1 0.5972660000 0.5229170000 0.0664060000 0.0875000000
1 0.6496090000 0.5048610000 0.0304690000 0.0347220000
1 0.7871090000 0.5083330000 0.0335940000 0.0527780000
0 0.4943181818 0.5369481766 0.0265151515 0.0220729367
