2 0.0851560000 0.4819440000 0.0687500000 0.1666670000
2 0.2066410000 0.4854170000 0.0304690000 0.0902780000
2 0.2386720000 0.4930560000 0.0335940000 0.1111110000
2 0.3468750000 0.4888890000 0.0312500000 0.0666670000
2 0.3664060000 0.4881940000 0.0203120000 0.0680560000
1 0.5160160000 0.5312500000 0.0789060000 0.0902780000
1 0.6304690000 0.5000000000 0.0250000000 0.0277780000
1 0.5742190000 0.5048610000 0.0250000000 0.0319440000
1 0.6648440000 0.5062500000 0.0296870000 0.0319440000
0 0.4842171717 0.5249520154 0.0183080808 0.0153550864
