2 0.2429690000 0.4895830000 0.0328120000 0.0819440000
2 0.3527340000 0.4923610000 0.0351560000 0.0847220000
2 0.4996090000 0.4944440000 0.0320310000 0.0833330000
2 0.5437500000 0.4930560000 0.0312500000 0.0916670000
2 0.6019530000 0.4916670000 0.0304690000 0.0916670000
2 0.6945310000 0.4895830000 0.0265630000 0.0819440000
2 0.6593750000 0.4937500000 0.0359370000 0.0847220000
2 0.7250000000 0.4881940000 0.0359370000 0.0930560000
2 0.7945310000 0.4881940000 0.0296870000 0.0847220000
2 0.8238280000 0.4930560000 0.0257810000 0.0888890000
2 0.8472660000 0.4972220000 0.0273440000 0.0833330000
1 0.2207030000 0.5145830000 0.0460940000 0.0736110000
1 0.4937500000 0.5236110000 0.0625000000 0.0833330000
0 0.4652777778 0.5499040307 0.0183080808 0.0249520154
