2 0.3976560000 0.4930560000 0.0312500000 0.0722220000
2 0.4425780000 0.4881940000 0.0429690000 0.0902780000
2 0.5140630000 0.4854170000 0.0375000000 0.0902780000
2 0.5417970000 0.4875000000 0.0304690000 0.1027780000
2 0.6300780000 0.4902780000 0.0335940000 0.0833330000
2 0.7023440000 0.4902780000 0.0484370000 0.1055560000
2 0.8367190000 0.4937500000 0.0296870000 0.0902780000
2 0.8628910000 0.4965280000 0.0226560000 0.0791670000
2 0.8933590000 0.4958330000 0.0304690000 0.0833330000
1 0.0921880000 0.5138890000 0.0375000000 0.0472220000
1 0.1320310000 0.5159720000 0.0265630000 0.0402780000
1 0.2035160000 0.5333330000 0.0695310000 0.0861110000
1 0.4785160000 0.5354170000 0.0804690000 0.0958330000
1 0.5910160000 0.5500000000 0.1054690000 0.1333330000
0 0.5214646465 0.5638195777 0.0271464646 0.0307101727
