2 0.5003910000 0.4916670000 0.0273440000 0.0722220000
2 0.6054690000 0.4923610000 0.0328120000 0.0763890000
2 0.7253910000 0.4930560000 0.0304690000 0.0722220000
2 0.7632810000 0.4923610000 0.0265630000 0.0819440000
2 0.8148440000 0.4930560000 0.0343750000 0.0833330000
2 0.8597660000 0.4909720000 0.0335940000 0.0791670000
2 0.8953120000 0.4930560000 0.0265630000 0.0833330000
2 0.9195310000 0.4888890000 0.0312500000 0.0888890000
2 0.9785160000 0.4881940000 0.0273440000 0.0791670000
1 0.0449220000 0.5069440000 0.0304690000 0.0361110000
1 0.2105470000 0.5222220000 0.0601560000 0.0750000000
1 0.3839840000 0.5173610000 0.0492190000 0.0680560000
1 0.4984370000 0.5118060000 0.0437500000 0.0597220000
0 0.4734848485 0.5311900192 0.0183080808 0.0167946257
