2 0.1195310000 0.4861110000 0.0343750000 0.1000000000
2 0.2019530000 0.4812500000 0.0398440000 0.0708330000
2 0.2546870000 0.4854170000 0.0281250000 0.0791670000
2 0.4136720000 0.4902780000 0.0226560000 0.0611110000
1 0.5511720000 0.5118060000 0.0367190000 0.0597220000
1 0.5015620000 0.5111110000 0.0421880000 0.0527780000
1 0.6164060000 0.5111110000 0.0390620000 0.0694440000
1 0.5910160000 0.5104170000 0.0367190000 0.0625000000
1 0.6734370000 0.5055560000 0.0281250000 0.0333330000
1 0.8363280000 0.5090280000 0.0289060000 0.0430560000
0 0.5290404040 0.5316698656 0.0214646465 0.0196737044
