2 0.2136720000 0.4861110000 0.0382810000 0.0916670000
2 0.1742190000 0.4888890000 0.0312500000 0.0777780000
2 0.3437500000 0.4875000000 0.0421880000 0.0805560000
2 0.4062500000 0.4868060000 0.0812500000 0.1375000000
0 0.5371090000 0.5236110000 0.0179690000 0.0250000000
2 0.5507810000 0.5027780000 0.0515620000 0.0638890000
1 0.6390630000 0.5104170000 0.0578130000 0.0513890000
4 0.7808590000 0.5055560000 0.0273440000 0.0888890000
2 0.1073232323 0.4899232246 0.0334595960 0.0786948177
2 0.0744949495 0.4870441459 0.0303030303 0.0758157390
2 0.0530303030 0.4889635317 0.0309343434 0.0825335893
2 0.0252525253 0.4899232246 0.0391414141 0.0854126679
1 0.4949494949 0.5119961612 0.0378787879 0.0479846449
