2 0.1097660000 0.4986110000 0.0710940000 0.1583330000
2 0.1878910000 0.4944440000 0.0617190000 0.1472220000
2 0.2867190000 0.4875000000 0.0593750000 0.1638890000
2 0.4140620000 0.4805560000 0.0968750000 0.2305560000
2 0.6320310000 0.4840280000 0.1031250000 0.2541670000
2 0.7281250000 0.4819440000 0.0812500000 0.2472220000
2 0.7863280000 0.4881940000 0.0585940000 0.2236110000
2 0.9449220000 0.4840280000 0.0648440000 0.2375000000
2 0.2449220000 0.5055560000 0.0523440000 0.1194440000
1 0.8546880000 0.5486110000 0.1062500000 0.1361110000
0 0.9172979798 0.7164107486 0.0928030303 0.0758157390
3 0.4236111111 0.6276391555 0.8453282828 0.1026871401
