2 0.0839840000 0.4958330000 0.0382810000 0.0944440000
2 0.1769530000 0.4847220000 0.0320310000 0.1055560000
2 0.2371090000 0.4923610000 0.0335940000 0.0819440000
2 0.3605470000 0.4923610000 0.0320310000 0.0902780000
1 0.4996090000 0.5104170000 0.0320310000 0.0402780000
1 0.4343750000 0.5111110000 0.0390620000 0.0500000000
1 0.5761720000 0.5187500000 0.0507810000 0.0569440000
1 0.7980470000 0.5097220000 0.0257810000 0.0305560000
1 0.9062500000 0.5118060000 0.0250000000 0.0319440000
0 0.4892676768 0.5215930902 0.0164141414 0.0153550864
