2 0.2808590000 0.4986110000 0.0351560000 0.1222220000
2 0.3960940000 0.4902780000 0.0265630000 0.0833330000
2 0.4664060000 0.4923610000 0.0250000000 0.0486110000
2 0.9085940000 0.4791670000 0.1828120000 0.3500000000
1 0.0371090000 0.5361110000 0.0710940000 0.1055560000
2 0.2378910000 0.5048610000 0.0476560000 0.1152780000
1 0.6214840000 0.5048610000 0.0289060000 0.0347220000
1 0.7394530000 0.5312500000 0.0648440000 0.0819440000
1 0.7785160000 0.5111110000 0.0367190000 0.0444440000
4 0.6635101010 0.5000000000 0.0170454545 0.0345489443
4 0.7373737374 0.4928023033 0.0126262626 0.0143953935
0 0.8491161616 0.5345489443 0.0195707071 0.0196737044
