2 0.0476560000 0.4833330000 0.0296870000 0.0833330000
2 0.1367190000 0.4881940000 0.0218750000 0.0569440000
2 0.1542970000 0.4881940000 0.0164060000 0.0541670000
2 0.1980470000 0.4847220000 0.0164060000 0.0527780000
2 0.2156250000 0.4909720000 0.0171880000 0.0458330000
1 0.4875000000 0.5083330000 0.0218750000 0.0388890000
1 0.4996090000 0.5097220000 0.0242190000 0.0416670000
1 0.4734370000 0.5201390000 0.0546880000 0.0625000000
1 0.5199220000 0.5048610000 0.0242190000 0.0263890000
0 0.4905303030 0.6353166987 0.0580808081 0.0441458733
1 0.5505050505 0.7284069098 0.4583333333 0.5431861804
