2 0.1554690000 0.4895830000 0.0390620000 0.0708330000
2 0.1886720000 0.4895830000 0.0273440000 0.0763890000
2 0.2593750000 0.4868060000 0.0734370000 0.1291670000
2 0.3234380000 0.4895830000 0.0343750000 0.0736110000
0 0.5390620000 0.4555560000 0.0359370000 0.0333330000
2 0.5757810000 0.4923610000 0.0906250000 0.2208330000
2 0.4664060000 0.5006940000 0.0671880000 0.0763890000
4 0.7796717172 0.5043186180 0.0290404040 0.0743761996
4 0.6022727273 0.5019193858 0.0385101010 0.0758157390
1 0.6388888889 0.5139155470 0.0669191919 0.0527831094
1 0.4987373737 0.5124760077 0.0416666667 0.0489443378
