2 0.5097660000 0.4895830000 0.0335940000 0.0736110000
2 0.5957030000 0.4937500000 0.0351560000 0.0902780000
2 0.7617190000 0.4930560000 0.0312500000 0.0833330000
2 0.7304690000 0.4944440000 0.0296870000 0.0777780000
2 0.8015620000 0.4916670000 0.0375000000 0.0833330000
2 0.8589840000 0.4923610000 0.0351560000 0.0986110000
2 0.9195310000 0.4916670000 0.0406250000 0.0944440000
2 0.9511720000 0.4923610000 0.0257810000 0.0986110000
2 0.9832030000 0.4895830000 0.0320310000 0.1125000000
1 0.0636720000 0.5090280000 0.0289060000 0.0375000000
1 0.3777340000 0.5131940000 0.0367190000 0.0486110000
1 0.5093750000 0.5097220000 0.0421880000 0.0583330000
1 0.6847660000 0.5277780000 0.0632810000 0.0805560000
4 0.0151515152 0.5052783109 0.0138888889 0.0431861804
4 0.1022727273 0.5052783109 0.0176767677 0.0431861804
0 0.5334595960 0.5311900192 0.0183080808 0.0163147793
