2 0.0226560000 0.4902780000 0.0375000000 0.0944440000
2 0.1078130000 0.4930560000 0.0343750000 0.0972220000
2 0.2296870000 0.4916670000 0.0281250000 0.0805560000
2 0.1742190000 0.4888890000 0.0265630000 0.0833330000
2 0.3304690000 0.4826390000 0.0921880000 0.1652780000
2 0.3984380000 0.4861110000 0.0343750000 0.0750000000
1 0.4972660000 0.5097220000 0.0398440000 0.0583330000
2 0.5367190000 0.5006940000 0.0609380000 0.0791670000
0 0.5183590000 0.5236110000 0.0148440000 0.0166670000
4 0.7790404040 0.5057581574 0.0309343434 0.0796545106
4 0.6035353535 0.5043186180 0.0284090909 0.0762955854
1 0.6382575758 0.5129558541 0.0587121212 0.0518234165
2 0.0726010101 0.4880038388 0.0328282828 0.0834932821
2 0.0511363636 0.4899232246 0.0366161616 0.0844529750
