2 0.0277340000 0.4854170000 0.0351560000 0.0875000000
2 0.1789060000 0.4854170000 0.0265630000 0.0625000000
2 0.2039060000 0.4881940000 0.0281250000 0.0680560000
2 0.3437500000 0.4875000000 0.0343750000 0.0666670000
2 0.4003910000 0.4868060000 0.0382810000 0.1013890000
2 0.4527340000 0.4861110000 0.0460940000 0.1027780000
2 0.5472660000 0.4888890000 0.0429690000 0.1000000000
1 0.4972660000 0.5111110000 0.0382810000 0.0500000000
1 0.6390630000 0.5111110000 0.0578130000 0.0527780000
4 0.6035353535 0.5028790787 0.0252525253 0.0695777351
4 0.7796717172 0.5052783109 0.0252525253 0.0738963532
0 0.5347222222 0.4827255278 0.0214646465 0.0172744722
