2 0.0226560000 0.4875000000 0.0406250000 0.1472220000
2 0.1761720000 0.4854170000 0.0445310000 0.1319440000
2 0.2675780000 0.4958330000 0.0335940000 0.1222220000
2 0.4234380000 0.4875000000 0.0312500000 0.0833330000
2 0.8375000000 0.4937500000 0.0593750000 0.1125000000
1 0.1050780000 0.5409720000 0.0757810000 0.1069440000
1 0.2343750000 0.5270830000 0.0656250000 0.0847220000
1 0.5593750000 0.5111110000 0.0484370000 0.0666670000
1 0.7074220000 0.5027780000 0.0242190000 0.0277780000
1 0.7332030000 0.5305560000 0.0554690000 0.1027780000
1 0.7753910000 0.5055560000 0.0320310000 0.0444440000
0 0.8497474747 0.5345489443 0.0233585859 0.0172744722
