2 0.0832030000 0.4833330000 0.0429690000 0.1111110000
2 0.2281250000 0.4847220000 0.0359370000 0.0833330000
2 0.3527340000 0.4840280000 0.0210940000 0.0541670000
2 0.3722660000 0.4847220000 0.0195310000 0.0611110000
1 0.1472660000 0.5256940000 0.0679690000 0.0958330000
1 0.4503910000 0.5187500000 0.0476560000 0.0402780000
1 0.5179690000 0.5069440000 0.0296870000 0.0333330000
1 0.5394530000 0.5055560000 0.0242190000 0.0305560000
1 0.6457030000 0.5090280000 0.0320310000 0.0375000000
0 0.4728535354 0.5134357006 0.0145202020 0.0143953935
