2 0.0320310000 0.4840280000 0.0640620000 0.1791670000
2 0.2074220000 0.4354170000 0.0507810000 0.0763890000
2 0.2792970000 0.4395830000 0.0585940000 0.0569440000
2 0.3449220000 0.4347220000 0.0710940000 0.0666670000
2 0.4644530000 0.4347220000 0.0695310000 0.0750000000
2 0.5148440000 0.4375000000 0.0468750000 0.0666670000
2 0.5574220000 0.4479170000 0.0476560000 0.0486110000
2 0.6062500000 0.4423610000 0.0484370000 0.0541670000
2 0.6488280000 0.4423610000 0.0382810000 0.0625000000
2 0.8511720000 0.4430560000 0.0664060000 0.0750000000
0 0.4164060000 0.7798610000 0.1296880000 0.1013890000
