2 0.1082030000 0.4868060000 0.0273440000 0.0763890000
2 0.1683590000 0.4916670000 0.0335940000 0.0666670000
2 0.3777340000 0.4861110000 0.0414060000 0.1166670000
0 0.5343750000 0.4701390000 0.0203120000 0.0208330000
2 0.5492190000 0.4875000000 0.0515620000 0.1250000000
1 0.4980470000 0.5104170000 0.0414060000 0.0680560000
2 0.4644530000 0.5020830000 0.0585940000 0.0791670000
4 0.7803030303 0.5047984645 0.0303030303 0.0743761996
4 0.6022727273 0.5033589251 0.0309343434 0.0729366603
1 0.6376262626 0.5139155470 0.0675505051 0.0527831094
2 0.1976010101 0.4904030710 0.0328282828 0.0719769674
2 0.3434343434 0.4908829175 0.0284090909 0.0719769674
2 0.0713383838 0.4851247601 0.0303030303 0.0839731286
1 0.0909090909 0.5119961612 0.0359848485 0.0465451056
2 0.0271464646 0.4875239923 0.0334595960 0.0801343570
2 0.0511363636 0.4899232246 0.0296717172 0.0801343570
