2 0.0218750000 0.4916670000 0.0375000000 0.0944440000
2 0.2226560000 0.4840280000 0.0687500000 0.1625000000
2 0.3441410000 0.4937500000 0.0335940000 0.0513890000
2 0.3695310000 0.4993060000 0.0234380000 0.0486110000
2 0.5660160000 0.4868060000 0.0445310000 0.1041670000
1 0.4968750000 0.5111110000 0.0406250000 0.0500000000
1 0.6390630000 0.5125000000 0.0609380000 0.0527780000
4 0.7812500000 0.5041670000 0.0250000000 0.0861110000
0 0.5157828283 0.5239923225 0.0151515152 0.0177543186
4 0.6029040404 0.5023992322 0.0277777778 0.0695777351
