2 0.1878910000 0.4875000000 0.0320310000 0.0972220000
2 0.4312500000 0.4902780000 0.1140630000 0.2750000000
2 0.5613280000 0.4958330000 0.0585940000 0.1944440000
2 0.6238280000 0.4881940000 0.0757810000 0.2041670000
2 0.7781250000 0.4736110000 0.1453130000 0.2972220000
2 0.8890630000 0.4902780000 0.0796870000 0.2333330000
2 0.9656250000 0.4916670000 0.0562500000 0.2416670000
1 0.8445310000 0.8381940000 0.3109370000 0.3069440000
0 0.5726010101 0.9400191939 0.2146464646 0.1185220729
3 0.7853535354 0.6170825336 0.4280303030 0.0777351248
