2 0.6582030000 0.4854170000 0.0320310000 0.0569440000
2 0.8414060000 0.4784720000 0.0265630000 0.0652780000
2 0.9265620000 0.4763890000 0.0250000000 0.0694440000
2 0.9539060000 0.4798610000 0.0250000000 0.0680560000
4 0.2398440000 0.5159720000 0.0390620000 0.1263890000
1 0.3085940000 0.5201390000 0.0671880000 0.0763890000
4 0.4230470000 0.5069440000 0.0335940000 0.0944440000
1 0.7968750000 0.5187500000 0.0593750000 0.0875000000
1 0.8824220000 0.5826390000 0.1695310000 0.2152780000
0 0.2575757576 0.5470249520 0.0258838384 0.0249520154
