2 0.4368881881 0.4817933142 0.0585772134 0.0933017656
2 0.4901675284 0.4788354635 0.0926849917 0.1738336235
1 0.5530072451 0.5004501343 0.0418221168 0.0434534140
1 0.3035264484 0.6136907611 0.2506297229 0.2312111058
2 0.2034005038 0.4786979416 0.0333753149 0.0584011489
2 0.3073047859 0.4810914313 0.0283375315 0.0469123983
2 0.3822418136 0.4834849210 0.0214105793 0.0488271900
2 0.4049118388 0.4853997128 0.0214105793 0.0449976065
4 0.8337531486 0.4992819531 0.0188916877 0.0603159406
4 0.9716624685 0.5021541407 0.0226700252 0.0670177118
2 0.0102329975 0.4825275251 0.0204659950 0.0655816180
