0 0.0125000000 0.4833330000 0.0250000000 0.0277780000
2 0.2218750000 0.4798610000 0.0406250000 0.1152780000
2 0.2593750000 0.4895830000 0.0546880000 0.1180560000
2 0.3253910000 0.4909720000 0.0523440000 0.1458330000
2 0.3820310000 0.4888890000 0.0515620000 0.1361110000
4 0.4153147307 0.5130735076 0.0389357560 0.1238283177
4 0.6781310837 0.4987666502 0.0376378975 0.0873211643
1 0.5412070084 0.5362604835 0.0804672291 0.0966946226
1 0.6430889033 0.6230883078 0.2219338092 0.2866304884
0 0.7099286178 0.7178095708 0.1012329656 0.0804144055
