2 0.3699220000 0.4909720000 0.0226560000 0.0625000000
2 0.7652340000 0.4944440000 0.0460940000 0.0750000000
1 0.0484370000 0.5555560000 0.0937500000 0.1305560000
4 0.1408176509 0.5037000493 0.0194678780 0.0557474100
4 0.0408825438 0.4849531327 0.0188189487 0.0192402565
0 0.5087605451 0.5999013320 0.0512654121 0.0404538727
1 0.4717715769 0.5550074001 0.0960415315 0.1322150962
1 0.5528877352 0.5421805624 0.0850097339 0.1050814011
1 0.6035042180 0.5135668476 0.0447761194 0.0498273310
2 0.7021414666 0.4903798717 0.0616482803 0.1144548594
1 0.8286826736 0.5337937839 0.0681375730 0.0838677849
