2 0.2382810000 0.4944440000 0.0234380000 0.0638890000
2 0.4277340000 0.4923610000 0.0210940000 0.0569440000
1 0.0674886437 0.5234336458 0.0480207657 0.0616674889
1 0.1524983777 0.5204736063 0.0480207657 0.0508140109
1 0.5425780000 0.5090280000 0.0257810000 0.0291670000
1 0.5976638546 0.5096201283 0.0304996755 0.0310804144
1 0.8312783907 0.5135668476 0.0343932511 0.0355204736
4 0.8157040883 0.5061667489 0.0149253731 0.0444005920
4 0.8994159637 0.5081401085 0.0175210902 0.0518006907
1 0.9539260221 0.5313270844 0.0538611291 0.0705476073
0 0.5293737895 0.5171736997 0.0109748225 0.0098135427
