2 0.0837118754 0.4874198323 0.0428293316 0.1031080414
1 0.2225827385 0.5140601875 0.0415314731 0.0493339911
1 0.3659961064 0.5111001480 0.0337443219 0.0409472126
1 0.5379623621 0.5283670449 0.0635950681 0.0764676862
0 0.5554834523 0.5357671436 0.0142764439 0.0177602368
1 0.5957170668 0.5224469660 0.0525632706 0.0631475086
4 0.8007787151 0.5041933892 0.0168721609 0.0592007893
4 0.6937053861 0.5037000493 0.0175210902 0.0518006907
1 0.7157689812 0.5096201283 0.0408825438 0.0370004933
1 0.7384815055 0.5313270844 0.0681375730 0.0814010853
