4 0.3393900065 0.4992599901 0.0168721609 0.0458806117
4 0.4269954575 0.5022200296 0.0155743024 0.0453872718
1 0.4094743673 0.5066600888 0.0356911097 0.0296003947
1 0.3543153796 0.5155402072 0.0402336145 0.0473606315
1 0.4581440623 0.5101134682 0.0343932511 0.0370004933
1 0.4860480208 0.5096201283 0.0285528877 0.0335471140
1 0.5489941596 0.5155402072 0.0408825438 0.0493339911
0 0.5327709280 0.5209669462 0.0162232317 0.0128268377
1 0.8942245295 0.5357671436 0.0681375730 0.0843611248
2 0.9188838417 0.4928465713 0.0311486048 0.0873211643
1 0.9748539909 0.5387271830 0.0502920182 0.0843611248
