2 0.7914060000 0.4930560000 0.0359370000 0.0777780000
2 0.9480470000 0.4951390000 0.0398440000 0.0986110000
1 0.5156250000 0.5236110000 0.0468750000 0.0694440000
2 0.8441410000 0.5118060000 0.0351560000 0.0791670000
2 0.8890630000 0.5048610000 0.0375000000 0.0819440000
4 0.4237508112 0.5071534287 0.0253082414 0.0838677849
1 0.4497079818 0.5204736063 0.0545100584 0.0730143069
1 0.4769630110 0.5323137642 0.0720311486 0.0927479033
0 0.5392602206 0.5436605821 0.0272550292 0.0202269364
1 0.5249837768 0.5135668476 0.0564568462 0.0463739517
4 0.6164828034 0.5106068081 0.0298507463 0.0917612235
