0 0.0674886437 0.5722742970 0.0272550292 0.0300937346
2 0.0494808566 0.4829797731 0.0989617132 0.2422298964
1 0.1168072680 0.5293537247 0.0590525633 0.0749876665
1 0.2530824140 0.5130735076 0.0311486048 0.0429205723
1 0.2887735237 0.5160335471 0.0350421804 0.0414405525
1 0.5515898767 0.5130735076 0.0317975341 0.0370004933
1 0.8098637249 0.5155402072 0.0304996755 0.0379871732
1 0.8572355613 0.5140601875 0.0369889682 0.0315737543
4 0.8208955224 0.5037000493 0.0162232317 0.0419338925
4 0.9065541856 0.5091267884 0.0181700195 0.0522940306
