2 0.2832030000 0.4951390000 0.0210940000 0.0569440000
2 0.3074220000 0.4902780000 0.0273440000 0.0722220000
2 0.3675780000 0.4972220000 0.0304690000 0.0527780000
2 0.8769530000 0.4979170000 0.0226560000 0.0569440000
2 0.4867190000 0.5006940000 0.0218750000 0.0569440000
2 0.5375000000 0.5006940000 0.0218750000 0.0597220000
4 0.0538611291 0.5120868278 0.0246593121 0.1006413419
1 0.0170343933 0.5308337444 0.0340687865 0.0823877652
1 0.2589227774 0.5239269857 0.0635950681 0.0843611248
0 0.5678131084 0.5229403059 0.0168721609 0.0128268377
1 0.5885788449 0.5185002467 0.0441271901 0.0527873705
1 0.9891304348 0.5234336458 0.0217391304 0.0577207696
