2 0.5121090000 0.4951390000 0.0445310000 0.0902780000
2 0.8074220000 0.4854170000 0.0601560000 0.1458330000
2 0.9000000000 0.4972220000 0.0343750000 0.1083330000
2 0.2277340000 0.5013890000 0.0507810000 0.0972220000
2 0.1695310000 0.5034720000 0.0515620000 0.1013890000
1 0.4263465282 0.5180069068 0.0558079169 0.0705476073
0 0.4691758598 0.5485939813 0.0298507463 0.0226936359
2 0.6492190000 0.5034720000 0.0468750000 0.0791670000
1 0.7248539909 0.5485939813 0.0960415315 0.1179082388
2 0.8566410000 0.5034720000 0.0335940000 0.0930560000
1 0.8384166126 0.5495806611 0.0843608047 0.1114948199
2 0.9429690000 0.5000000000 0.0328120000 0.1055560000
2 0.9289060000 0.5083330000 0.0265630000 0.0833330000
1 0.0616482803 0.5732609768 0.1232965607 0.1810557474
