2 0.6511720000 0.4881940000 0.0320310000 0.0847220000
2 0.9164060000 0.4979170000 0.0250000000 0.0763890000
2 0.9875000000 0.4993060000 0.0234380000 0.0763890000
3 0.0933592500 0.5506940000 0.1867185000 0.0375000000
2 0.4644530000 0.5000000000 0.0320310000 0.0666670000
2 0.8750000000 0.5013890000 0.0203120000 0.0666670000
4 0.2297209604 0.5175135668 0.0402336145 0.1282683769
4 0.4185593770 0.5101134682 0.0279039585 0.0971879625
1 0.3309539260 0.5283670449 0.0655418559 0.0779477060
0 0.5405580792 0.5209669462 0.0181700195 0.0123334978
1 0.6184295912 0.5125801677 0.0376378975 0.0532807104
1 0.7495133030 0.5130735076 0.0395846853 0.0513073508
1 0.8234912395 0.5150468673 0.0356911097 0.0448939319
