2 0.4011720000 0.4937500000 0.0179690000 0.0680560000
2 0.6816410000 0.4916670000 0.0460940000 0.0888890000
2 0.7250000000 0.4958330000 0.0281250000 0.0666670000
2 0.7753910000 0.4965280000 0.0273440000 0.0736110000
2 0.9511720000 0.5013890000 0.0226560000 0.0555560000
4 0.1829980532 0.5120868278 0.0395846853 0.1169215590
1 0.0927968851 0.5347804637 0.0707332901 0.0957079428
1 0.4815055159 0.5362604835 0.0694354315 0.0705476073
0 0.5003244646 0.5288603848 0.0168721609 0.0182535767
1 0.6729396496 0.5185002467 0.0447761194 0.0527873705
1 0.8364698248 0.5209669462 0.0421804023 0.0508140109
1 0.9735561324 0.5569807597 0.0528877352 0.1233349778
