2 0.1347660000 0.4965280000 0.0257810000 0.0597220000
2 0.5382810000 0.4930560000 0.0234380000 0.0583330000
1 0.0298507463 0.5209669462 0.0532121999 0.0582141095
4 0.0726800779 0.5081401085 0.0233614536 0.0779477060
2 0.1018818949 0.4879131722 0.0240103829 0.0202269364
2 0.2686567164 0.4795263937 0.0149253731 0.0271336951
2 0.2848799481 0.4814997533 0.0214146658 0.0261470153
2 0.3861129137 0.4893931919 0.0201168073 0.0236803157
2 0.4347826087 0.4849531327 0.0181700195 0.0182535767
2 0.4639844257 0.4854464726 0.0207657365 0.0202269364
2 0.5632706035 0.4824864332 0.0285528877 0.0330537741
2 0.5957170668 0.4824864332 0.0356911097 0.0330537741
2 0.8163530175 0.5056734090 0.0279039585 0.0370004933
2 0.8611291369 0.4967932906 0.0304996755 0.0498273310
1 0.2848799481 0.5170202269 0.0447761194 0.0508140109
1 0.4536015574 0.5145535274 0.0421804023 0.0453872718
0 0.4905905256 0.5263936852 0.0175210902 0.0152935372
2 0.4944841012 0.4928465713 0.0382868267 0.0730143069
1 0.9364049319 0.5229403059 0.0402336145 0.0503206709
