2 0.2615184945 0.4977799704 0.0330953926 0.0498273310
2 0.4152340000 0.4951390000 0.0195310000 0.0569440000
2 0.5691410000 0.4923610000 0.0367190000 0.0736110000
2 0.6675780000 0.4923610000 0.0320310000 0.0625000000
2 0.6980470000 0.4958330000 0.0257810000 0.0583330000
2 0.7269530000 0.4944440000 0.0351560000 0.0638890000
4 0.0674886437 0.5115934879 0.0253082414 0.0937345831
1 0.1563919533 0.5209669462 0.0480207657 0.0582141095
4 0.1998702141 0.5076467686 0.0220635951 0.0735076468
1 0.3108371188 0.5150468673 0.0408825438 0.0473606315
1 0.4925373134 0.5165268870 0.0402336145 0.0419338925
0 0.5204412719 0.5283670449 0.0181700195 0.0152935372
2 0.9448410123 0.5071534287 0.0311486048 0.0370004933
2 0.9857235561 0.5002466700 0.0266060999 0.0532807104
