1 0.4632810000 0.5250000000 0.0562500000 0.0722220000
4 0.0103828683 0.4962999507 0.0181700195 0.0389738530
1 0.0214146658 0.5170202269 0.0408825438 0.0567340898
1 0.0674886437 0.5051800691 0.0382868267 0.0335471140
4 0.0908500973 0.5007400099 0.0188189487 0.0468672916
1 0.0564568462 0.5106068081 0.0272550292 0.0330537741
1 0.3296560675 0.5096201283 0.0311486048 0.0394671929
0 0.4815055159 0.5525407005 0.0304996755 0.0231869758
1 0.5003244646 0.5273803651 0.0460739779 0.0730143069
1 0.5236859182 0.5382338431 0.0811161583 0.1016280217
