2 0.9125000000 0.4951390000 0.0218750000 0.0652780000
1 0.7578120000 0.6048610000 0.1734380000 0.2319440000
4 0.5262816353 0.5061667489 0.0188189487 0.0557474100
0 0.5541855938 0.5254070054 0.0162232317 0.0118401579
4 0.6450356911 0.4977799704 0.0168721609 0.0389738530
1 0.5840363400 0.5130735076 0.0395846853 0.0399605328
1 0.6119402985 0.5175135668 0.0389357560 0.0483473113
1 0.6411421155 0.5140601875 0.0343932511 0.0424272324
1 0.7047371836 0.5209669462 0.0415314731 0.0522940306
1 0.8838416613 0.5268870252 0.0525632706 0.0621608288
