2 0.0875000000 0.4972220000 0.0187500000 0.0583330000
2 0.3660160000 0.4923610000 0.0226560000 0.0625000000
2 0.5078120000 0.4888890000 0.0265630000 0.0750000000
2 0.1738280000 0.5013890000 0.0273440000 0.0527780000
1 0.5488280000 0.5194440000 0.0382810000 0.0527780000
0 0.5707030000 0.5284720000 0.0085940000 0.0180560000
1 0.5914060000 0.5194440000 0.0343750000 0.0472220000
1 0.7501622323 0.5160335471 0.0337443219 0.0434139122
1 0.7715768981 0.5180069068 0.0363400389 0.0468672916
1 0.7962362103 0.5111001480 0.0246593121 0.0325604341
1 0.9886437378 0.5175135668 0.0227125243 0.0434139122
