1 0.4394530000 0.5208330000 0.0507810000 0.0638890000
1 0.1388708631 0.5204736063 0.0441271901 0.0557474100
1 0.1979234263 0.5204736063 0.0486696950 0.0626541687
1 0.3231667748 0.5101134682 0.0369889682 0.0350271337
1 0.4990266061 0.5219536260 0.0538611291 0.0636408485
1 0.5314730694 0.5204736063 0.0428293316 0.0587074494
0 0.4516547696 0.5298470646 0.0266060999 0.0202269364
2 0.6787800130 0.4908732116 0.0525632706 0.1016280217
4 0.2589227774 0.5027133695 0.0181700195 0.0448939319
4 0.3458792992 0.5022200296 0.0162232317 0.0478539714
