2 0.5835940000 0.4909720000 0.0234380000 0.0569440000
2 0.9699220000 0.4993060000 0.0304690000 0.0847220000
1 0.7296880000 0.5527780000 0.0984380000 0.1277780000
0 0.0635950681 0.6235816478 0.0382868267 0.0493339911
2 0.0843608047 0.4958066108 0.1674237508 0.3838184509
4 0.2323166775 0.4854464726 0.0188189487 0.0192402565
4 0.3341985724 0.5041933892 0.0253082414 0.0532807104
1 0.2426995457 0.5500740010 0.0979883193 0.1218549581
1 0.2816353018 0.5101134682 0.0343932511 0.0370004933
1 0.4821544452 0.7128761717 0.3348475016 0.4736063148
1 0.8812459442 0.5209669462 0.0408825438 0.0552540701
