2 0.8648440000 0.4944440000 0.0281250000 0.0777780000
2 0.9148440000 0.4986110000 0.0281250000 0.0722220000
4 0.4334847502 0.5076467686 0.0266060999 0.0784410459
4 0.5885788449 0.4903798717 0.0214146658 0.0404538727
1 0.5100584036 0.5155402072 0.0480207657 0.0518006907
0 0.5561323816 0.5352738037 0.0194678780 0.0182535767
1 0.5853341986 0.5234336458 0.0519143413 0.0641341885
1 0.6417910448 0.5254070054 0.0564568462 0.0675875678
1 0.7371836470 0.5199802664 0.0473718365 0.0596941293
1 0.9753406879 0.5313270844 0.0480207657 0.0735076468
