2 0.2070310000 0.4937500000 0.0265630000 0.0625000000
1 0.0895522388 0.5234336458 0.0486696950 0.0587074494
1 0.1745619727 0.5185002467 0.0473718365 0.0522940306
0 0.5593770279 0.5185002467 0.0136275146 0.0118401579
1 0.5658663206 0.5096201283 0.0253082414 0.0305870745
1 0.6028552888 0.5096201283 0.0285528877 0.0340404539
1 0.8552887735 0.5135668476 0.0350421804 0.0360138135
1 0.9740428293 0.5318204243 0.0499675535 0.0744943266
4 0.8371187541 0.5081401085 0.0149253731 0.0493339911
4 0.9240752758 0.5091267884 0.0168721609 0.0532807104
2 0.4717715769 0.4908732116 0.0337443219 0.0710409472
