4 0.3290071382 0.5017266897 0.0162232317 0.0434139122
4 0.4127190136 0.4874198323 0.0136275146 0.0148001973
1 0.3465282284 0.5189935866 0.0408825438 0.0434139122
1 0.3951979234 0.5041933892 0.0376378975 0.0325604341
1 0.4127190136 0.5111001480 0.0317975341 0.0365071534
0 0.4938351720 0.5273803651 0.0162232317 0.0148001973
1 0.4970798183 0.5096201283 0.0272550292 0.0315737543
1 0.5704088254 0.5120868278 0.0356911097 0.0389738530
2 0.9156391953 0.4928465713 0.0428293316 0.1001480020
1 0.9703114860 0.6250616675 0.0593770279 0.1164282190
