2 0.6238280000 0.4951390000 0.0429690000 0.0902780000
2 0.8644530000 0.4916670000 0.0335940000 0.0777780000
1 0.1064243997 0.5268870252 0.0713822193 0.0740009867
4 0.1778066191 0.5101134682 0.0311486048 0.0932412432
1 0.2595717067 0.5170202269 0.0454250487 0.0532807104
2 0.4445165477 0.4869264924 0.0149253731 0.0532807104
2 0.4620376379 0.4948199309 0.0220635951 0.0577207696
2 0.6781310837 0.4854464726 0.0317975341 0.0241736556
2 0.7157689812 0.4829797731 0.0240103829 0.0315737543
2 0.7605451006 0.4864331524 0.0207657365 0.0231869758
2 0.7339390006 0.4884065121 0.0181700195 0.0246669956
2 0.7540558079 0.4770596941 0.0266060999 0.0310804144
2 0.8007787151 0.4879131722 0.0240103829 0.0246669956
2 0.8286826736 0.4923532314 0.0285528877 0.0236803157
2 0.8254380273 0.4760730143 0.0337443219 0.0246669956
2 0.7903958469 0.4785397139 0.0285528877 0.0374938333
1 0.4873458793 0.5165268870 0.0389357560 0.0498273310
1 0.5191434134 0.5160335471 0.0337443219 0.0468672916
0 0.5094094744 0.5298470646 0.0168721609 0.0152935372
2 0.5905256327 0.4982733103 0.0292018170 0.0503206709
