2 0.3648440000 0.4972220000 0.0218750000 0.0527780000
2 0.6183590000 0.4930560000 0.0320310000 0.0694440000
2 0.8339840000 0.4993060000 0.0210940000 0.0541670000
4 0.0311486048 0.5111001480 0.0292018170 0.0952146029
1 0.2388059701 0.5229403059 0.0506164828 0.0626541687
0 0.5100584036 0.5135668476 0.0188189487 0.0162802171
2 0.5314730694 0.4859398125 0.0363400389 0.0735076468
1 0.5483452304 0.5150468673 0.0395846853 0.0527873705
1 0.5262816353 0.5130735076 0.0292018170 0.0434139122
1 0.9286177807 0.5155402072 0.0304996755 0.0384805131
1 0.9889682025 0.5249136655 0.0220635951 0.0680809077
