1 0.1206480339 0.4967952669 0.0292185824 0.0350481831
1 0.1560004950 0.4987650812 0.0329848193 0.0366403237
4 0.2879149914 0.4927227795 0.0137418341 0.0422511660
1 0.3326790631 0.4981477857 0.0330673829 0.0325091258
2 0.8963027000 0.4870731235 0.0319543406 0.0641468689
1 0.3984870911 0.5009099245 0.0338978767 0.0393848866
1 0.4454627633 0.5014750361 0.0389220268 0.0436110720
0 0.0174550973 0.5790923238 0.0349101946 0.0370050594
4 0.3873056995 0.4953225012 0.0194300518 0.0443131462
2 0.9650259067 0.4958148695 0.0427461140 0.0738552437
2 0.8523316062 0.4913835549 0.0440414508 0.0645002462
2 0.8076424870 0.4943377646 0.0595854922 0.0502215657
2 0.2331606218 0.4839980305 0.0233160622 0.0418513048
