2 0.0656981915 0.4837323129 0.0435529165 0.0891971961
1 0.7725371122 0.4991495311 0.0393604264 0.0443362519
1 0.8601124883 0.4960868955 0.0333549976 0.0411458723
1 0.1163389608 0.5208634734 0.0632328913 0.0880401731
1 0.4379549921 0.5178507566 0.0767415315 0.0977633670
1 0.8883852959 0.5013508797 0.0405950621 0.0513633192
1 0.9560363889 0.5069014430 0.0535542518 0.0660438240
0 0.8572320342 0.5732358694 0.0443390161 0.0344090424
2 0.3063471503 0.4795667159 0.0297927461 0.0576070901
2 0.3290155440 0.4785819793 0.0297927461 0.0620384047
