0 0.5557096004 0.3378138244 0.0787218064 0.0615132749
4 0.1664293408 0.5178712606 0.0261911228 0.0769684985
1 0.2431918234 0.5287612677 0.0570051447 0.0533673689
4 0.3127830625 0.5184229016 0.0277702026 0.0714854896
1 0.5183073878 0.5435405970 0.0635342747 0.0789243057
1 0.3864065450 0.5738880918 0.0981749528 0.1429937829
1 0.4726242920 0.5978000956 0.1510383889 0.1912960306
1 0.7665198238 0.6432329029 0.2290748899 0.2941176471
2 0.7803650094 0.4921090387 0.0402769037 0.0492587279
2 0.8300818125 0.4887613582 0.0352422907 0.0435198470
2 0.8565135305 0.4897178384 0.0365009440 0.0468675275
2 0.8898678414 0.5021520803 0.0377595972 0.0832137733
2 0.9521711768 0.5050215208 0.0365009440 0.0851267336
2 0.9779735683 0.4921090387 0.0333543109 0.0406504065
