0 0.2024024576 0.4106111526 0.0493379906 0.0413197055
4 0.0328813754 0.5272815228 0.0336353742 0.1248654500
1 0.6277230978 0.5286743641 0.0410916135 0.0465376452
1 0.6898415089 0.5292214751 0.0443066433 0.0512068532
2 0.7720984817 0.5105571151 0.0285246801 0.0493938811
1 0.7923941016 0.5379523039 0.0555801541 0.0630872026
2 0.3438287154 0.5007180469 0.0459697733 0.0847295357
1 0.5806045340 0.5586404978 0.0957178841 0.1177596936
2 0.4326196474 0.4887505984 0.0327455919 0.0473910962
2 0.4647355164 0.4901866922 0.0295969773 0.0426041168
2 0.4905541562 0.4887505984 0.0327455919 0.0416467209
2 0.5176322418 0.5021541407 0.0302267003 0.0607946386
2 0.5604534005 0.5035902346 0.0365239295 0.0665390139
