1 0.7171711326 0.5461646318 0.0759658292 0.0889602676
1 0.8319778442 0.5307303071 0.0465681069 0.0523700081
4 0.8838196397 0.5136383772 0.0180299766 0.0402390957
1 0.9261111617 0.5191277862 0.0362758115 0.0290753674
4 0.9548428655 0.5155628920 0.0187795330 0.0419272967
0 0.3148614610 0.5256103399 0.0239294710 0.0167544280
1 0.5440806045 0.5351842987 0.0623425693 0.0732407851
1 0.6272040302 0.5256103399 0.0396725441 0.0464337003
1 0.7632241814 0.5945428435 0.1505037783 0.1890856869
2 0.1549118388 0.5016754428 0.0617128463 0.0861656295
