1 0.3512113690 0.5316842794 0.0540751107 0.0650514513
1 0.4243387580 0.5398216844 0.0670037270 0.0743303150
1 0.5166113377 0.5296628475 0.0462612212 0.0528266430
1 0.6402940750 0.5301452279 0.0445547700 0.0540486239
1 0.9866700172 0.5403952003 0.0266599059 0.0764259174
2 0.3293450882 0.4997606510 0.0434508816 0.0842508377
0 0.6253148615 0.5150789852 0.0214105793 0.0153183341
1 0.7204030227 0.5370990905 0.0541561713 0.0660603159
1 0.7386649874 0.5337482049 0.0365239295 0.0607946386
4 0.9867758186 0.5074198181 0.0264483627 0.0627094303
