1 0.4647810757 0.5262898207 0.0415657125 0.0519878231
1 0.8566675782 0.5307923555 0.0462285765 0.0585202090
1 0.8340834975 0.5241213441 0.0357200503 0.0449633934
4 0.9650409222 0.5132299066 0.0171904434 0.0446675159
1 0.9826878905 0.5199398398 0.0341589786 0.0327842273
0 0.5239294710 0.4983245572 0.0188916877 0.0167544280
2 0.2374055416 0.4925801819 0.0358942065 0.0359023456
2 0.3016372796 0.5021541407 0.0346347607 0.0670177118
2 0.3293450882 0.5011967449 0.0321158690 0.0660603159
2 0.5428211587 0.5016754428 0.0365239295 0.0665390139
1 0.5232997481 0.5643848731 0.1032745592 0.1359502154
