0 0.6750513911 0.4529963732 0.0344911888 0.0272425283
1 0.1939496696 0.5211114287 0.0326310061 0.0391273536
4 0.2530320883 0.5123287439 0.0165948179 0.0430577360
4 0.3319813609 0.5113883615 0.0140073122 0.0398795903
1 0.3178000450 0.5168101788 0.0335630886 0.0283448491
1 0.3871920705 0.5277255774 0.0460417196 0.0540074147
1 0.5721108913 0.5271047950 0.0311406050 0.0503864400
1 0.5958245993 0.5394092798 0.0560253672 0.0743446872
1 0.5404621959 0.6084822416 0.1629885435 0.2151227444
2 0.6675062972 0.5016754428 0.0358942065 0.0713259933
