1 0.5571323037 0.5249236822 0.0422454253 0.0513903797
1 0.7588469386 0.5244985819 0.0386905186 0.0468998142
1 0.8876005411 0.5310795307 0.0478200130 0.0595491789
1 0.9900088161 0.5186870098 0.0199823678 0.0330059640
4 0.9782305956 0.5147616267 0.0176314060 0.0454443358
1 0.4892947103 0.5198659646 0.0302267003 0.0430828147
1 0.5081863980 0.5639061752 0.1070528967 0.1335567257
2 0.2531486146 0.4901866922 0.0295969773 0.0354236477
2 0.3148614610 0.4997606510 0.0295969773 0.0698898995
2 0.3444584383 0.5011967449 0.0277078086 0.0689325036
2 0.5673803526 0.4973671613 0.0415617128 0.0655816180
0 0.5573047859 0.4820488272 0.0176322418 0.0129248444
