4 0.2560318708 0.5127539039 0.0207564104 0.0540265404
1 0.3088674843 0.5197733641 0.0397882387 0.0378140844
4 0.3604774177 0.5142760873 0.0194479991 0.0513031930
1 0.4606993496 0.5252419710 0.0315517224 0.0394136682
0 0.5711586902 0.6419339397 0.0352644836 0.0354236477
1 0.0310138539 0.5481091431 0.0620277078 0.0909526089
1 0.5673803526 0.5260890378 0.0428211587 0.0512206798
1 0.4993702771 0.6146481570 0.1832493703 0.2398276687
2 0.6442065491 0.5040689325 0.0403022670 0.0612733365
2 0.7594458438 0.5002393490 0.0440806045 0.1014839636
2 0.8016372796 0.4868358066 0.0321158690 0.0406893250
2 0.8753148615 0.4925801819 0.0377833753 0.0603159406
2 0.9704030227 0.4825275251 0.0277078086 0.0440402106
