1 0.0609937720 0.5522315502 0.0921143293 0.1065006033
4 0.1560612321 0.5223075151 0.0380548947 0.1134884506
1 0.6758520603 0.5289984941 0.0448197126 0.0521719940
1 0.7432126403 0.5251203775 0.0395979472 0.0427245460
1 0.7131436467 0.5432951450 0.0657755062 0.0792019889
1 0.8077862263 0.5300219655 0.0436893888 0.0545759872
1 0.9453839064 0.5581020713 0.0746051818 0.1050377935
0 0.8734256927 0.4844423169 0.0900503778 0.0694112015
2 0.4924433249 0.5016754428 0.0541561713 0.0871230254
2 0.5528967254 0.4849210148 0.0321158690 0.0449976065
2 0.5843828715 0.4858784107 0.0283375315 0.0416467209
2 0.6139798489 0.4873145045 0.0295969773 0.0411680230
2 0.6404282116 0.5045476304 0.0308564232 0.0660603159
2 0.6801007557 0.4877932025 0.0295969773 0.0363810436
2 0.7500000000 0.4906653901 0.0321158690 0.0344662518
