1 0.2899663150 0.5377680063 0.0466798060 0.0761082843
1 0.3192890584 0.5561103225 0.0930708647 0.1151021793
1 0.4127840698 0.5262587070 0.0327211842 0.0538866743
1 0.4286711812 0.5332203507 0.0569951348 0.0700889453
4 0.7546103001 0.5248563886 0.0343610719 0.1117838025
1 0.8403902650 0.5526580215 0.0882948264 0.1042394564
4 0.9686164856 0.5334967375 0.0488540605 0.1611977667
2 0.4704030227 0.4978458593 0.0409319899 0.0808999521
1 0.5994962217 0.7261847774 0.3312342569 0.4657730972
0 0.7034005038 0.7175682145 0.0428211587 0.0617520345
