1 0.3320965469 0.5461574197 0.0773328021 0.0950624198
1 0.4544518292 0.5274132490 0.0450590961 0.0525497980
1 0.5035243034 0.5288434625 0.0485058762 0.0561794415
1 0.8584012985 0.5363851786 0.0546666868 0.0668320730
4 0.8420907259 0.5140796900 0.0213177819 0.0696376637
0 0.5755667506 0.5011967449 0.0232997481 0.0201053135
1 0.5913098237 0.5361416946 0.0560453401 0.0674964098
1 0.6083123426 0.5318334131 0.0377833753 0.0598372427
1 0.3476070529 0.5308760172 0.0365239295 0.0598372427
2 0.1788413098 0.4988032551 0.0472292191 0.0847295357
