1 0.3978922069 0.5211821795 0.0352447331 0.0398435406
1 0.4312708974 0.5250942707 0.0405829176 0.0496541187
1 0.4717231095 0.5214319825 0.0394508317 0.0452110581
1 0.5091652870 0.5655484796 0.1052008942 0.1359091699
1 0.8263605833 0.5301196575 0.0453571975 0.0582981445
1 0.8536893129 0.5238769650 0.0344443955 0.0437729359
4 0.9455999732 0.5139883757 0.0180794485 0.0454389863
1 0.9638373256 0.5196742415 0.0357777588 0.0319662914
2 0.2147355164 0.4911440881 0.0352644836 0.0339875539
2 0.2663727960 0.5002393490 0.0321158690 0.0674964098
2 0.3047858942 0.5016754428 0.0314861461 0.0708472954
2 0.5062972292 0.4997606510 0.0403022670 0.0708472954
0 0.4811083123 0.5146002872 0.0207808564 0.0181905218
