4 0.0628575012 0.5141472816 0.0185729116 0.0494754910
1 0.1136145070 0.5201057196 0.0282638185 0.0326230079
4 0.1441808343 0.5105764866 0.0160693023 0.0387075022
1 0.1247176975 0.5172740221 0.0375567339 0.0297763571
1 0.2795539498 0.5350245237 0.0576140806 0.0678841323
1 0.4261039495 0.5618252754 0.0887927786 0.1197135225
0 0.4515379667 0.5722652674 0.0266727097 0.0219138991
2 0.6265743073 0.4988032551 0.0434508816 0.0871230254
1 0.3564231738 0.5691718526 0.1057934509 0.1393011010
1 0.1851385390 0.6237434179 0.1819899244 0.2541886070
