2 0.0201847591 0.4956060946 0.0364688337 0.1089423075
1 0.2511456609 0.5266863108 0.0481995046 0.0545490645
1 0.4326486588 0.5183864236 0.0320760906 0.0311425254
4 0.4028931856 0.5127695799 0.0181104392 0.0479420051
1 0.4434941113 0.5374283195 0.0594081692 0.0712368861
1 0.4822904468 0.5236094594 0.0336123854 0.0369552039
4 0.5065212250 0.5143008828 0.0148778735 0.0491519608
2 0.7261483073 0.5089079738 0.0213195644 0.0524541140
1 0.7918580174 0.5325849056 0.0399662629 0.0476224646
0 0.4741813602 0.5165150790 0.0157430730 0.0110100527
