1 0.5641174912 0.5199999809 0.0377978981 0.0431417152
1 0.7060583830 0.5163349509 0.0240403693 0.0284427088
4 0.8891591430 0.5106036663 0.0149906101 0.0350052863
1 0.9208866954 0.5171512961 0.0296266805 0.0244275965
4 0.9574650526 0.5129433870 0.0158879850 0.0407340117
1 0.9055201411 0.5282853246 0.0386188626 0.0441066958
1 0.7468513854 0.6194351364 0.1826196474 0.2412637626
1 0.3897984887 0.7338439445 0.4193954660 0.5213020584
2 0.1133501259 0.4940162757 0.0302267003 0.0636668262
0 0.2071788413 0.8171373863 0.0365239295 0.0856869315
