1 0.3886123896 0.5306720734 0.0336859040 0.0532673448
1 0.4097119868 0.5481628180 0.0676902682 0.0929779038
1 0.4608730674 0.5255881548 0.0332377627 0.0399788395
1 0.4836312830 0.5634452701 0.1043373942 0.1264805347
1 0.5510629416 0.5187497735 0.0326475278 0.0255681034
4 0.5940217376 0.5146602988 0.0152952289 0.0395868346
1 0.6396991014 0.5619757175 0.0924809575 0.1190139428
0 0.4307304786 0.5978937291 0.0264483627 0.0349449497
1 0.6889168766 0.5500239349 0.0604534005 0.0895165151
4 0.5056675063 0.5131641934 0.0170025189 0.0397319292
