1 0.5532557964 0.5398759246 0.0584469289 0.0807578787
0 0.5526315789 0.5112500000 0.0296052632 0.0175000000
1 0.5069269521 0.5481091431 0.0818639798 0.1072283389
1 0.5850125945 0.5337482049 0.0421914358 0.0674964098
4 0.5957178841 0.5112494016 0.0157430730 0.0449976065
1 0.6386724710 0.5177010894 0.0338651463 0.0301802624
1 0.6647971272 0.5239879489 0.0317141414 0.0374169722
4 0.7031813264 0.5136080384 0.0159583855 0.0485779718
1 0.8069422841 0.5312400460 0.0429682545 0.0533607043
1 0.8472235799 0.5261701941 0.0339747071 0.0435088165
3 0.2531486146 0.5246529440 0.2204030227 0.0153183341
