2 0.1642399728 0.4877725244 0.0302505456 0.0715131834
1 0.4321489930 0.5098419785 0.0269232579 0.0275881458
1 0.4885556400 0.5114537477 0.0240260083 0.0264608469
4 0.4773218036 0.5051431060 0.0140037863 0.0357332602
1 0.5260818601 0.5103091598 0.0205508508 0.0201911330
1 0.5627257824 0.5212071538 0.0369925797 0.0402312391
1 0.8792949915 0.5471873879 0.0681626350 0.0935773253
2 0.5421914358 0.4973671613 0.0207808564 0.0516993777
1 0.6127204030 0.5126854955 0.0226700252 0.0253709909
0 0.4546599496 0.5150789852 0.0113350126 0.0090952609
