1 0.4864748716 0.5305355787 0.0736641437 0.0738142952
1 0.5137509108 0.5120069385 0.0297524631 0.0302899443
1 0.5431208014 0.5087491274 0.0256244503 0.0227181558
0 0.5216493011 0.5529509187 0.0220493171 0.0212382190
1 0.5916471481 0.5157455802 0.0311846528 0.0328424871
1 0.3684470952 0.5689672232 0.1236916631 0.1575756669
2 0.0173173804 0.4767831498 0.0346347607 0.1254188607
1 0.9401763224 0.6050741982 0.1177581864 0.2130205840
4 0.5132241814 0.4997606510 0.0125944584 0.0263283868
4 0.5768261965 0.5045476304 0.0170025189 0.0330301580
