2 0.1256965995 0.4849772155 0.0371520445 0.0875416026
1 0.4215025902 0.5162798166 0.0362031870 0.0407232493
4 0.4797792733 0.5051316619 0.0163614396 0.0394888557
1 0.4462085962 0.5142013431 0.0307738930 0.0375222340
4 0.5463104844 0.5010637641 0.0170820877 0.0289956499
1 0.5215460062 0.5160347223 0.0333573520 0.0382720158
1 0.5003716946 0.5225211382 0.0468824208 0.0539477617
0 0.6404772997 0.5197591186 0.0259517916 0.0221748743
1 0.5611422062 0.6445135474 0.2198780477 0.3089911938
2 0.8671284635 0.4992819531 0.0573047859 0.1010052657
