2 0.1149642020 0.4863093495 0.0350002646 0.0767478272
4 0.4904158711 0.5081412792 0.0161825735 0.0374127068
0 0.5239284635 0.5357739925 0.0195003264 0.0143562146
1 0.5143791437 0.5217309594 0.0356244147 0.0397712402
1 0.6110729575 0.5352282524 0.0555636510 0.0634982064
1 0.6515524983 0.5275338888 0.0427705348 0.0462774709
1 0.7477372289 0.5334267020 0.0555579364 0.0621036068
1 0.8401523232 0.5279127359 0.0406810269 0.0529896766
1 0.5476872325 0.5968413949 0.1494998634 0.1960560381
1 0.1246851385 0.5409286740 0.0736775819 0.0914313068
2 0.9005037783 0.4978458593 0.0352644836 0.0837721398
