1 0.4064605832 0.5148926377 0.0350729860 0.0405379385
1 0.4750936925 0.5135113001 0.0334117003 0.0358048305
1 0.5662897825 0.5146528482 0.0228826832 0.0355047993
4 0.5088005066 0.5029318333 0.0154070491 0.0388020836
1 0.6583145857 0.5374432206 0.0666392818 0.0755071193
1 0.6911562681 0.5197952986 0.0313167311 0.0329877846
2 0.5349544073 0.5095320624 0.0911854103 0.0652801849
0 0.5607902736 0.5332177932 0.0167173252 0.0127094165
1 0.3142317380 0.5146002872 0.0403022670 0.0445189086
1 0.3261964736 0.5136428913 0.0340050378 0.0416467209
1 0.8753148615 0.6625179512 0.2474811083 0.3384394447
2 0.8431989924 0.5016754428 0.0371536524 0.0837721398
