2 0.1234256927 0.4830062231 0.0396725441 0.0909526089
4 0.4961510301 0.4973956645 0.0144576263 0.0238584373
4 0.5641366243 0.4990050197 0.0143305557 0.0247663036
1 0.4950285554 0.5210714340 0.0428735428 0.0516573451
1 0.5568954945 0.5330672860 0.0600396283 0.0739334375
1 0.7142204642 0.5347066522 0.0613993742 0.0736392960
1 0.7401594520 0.5238108635 0.0384855568 0.0470004603
2 0.9118387909 0.5002393490 0.0352644836 0.0789851604
1 0.6164987406 0.5902345620 0.1530226700 0.2005744375
1 0.5271464646 0.5172744722 0.0340909091 0.0422264875
0 0.5416666667 0.5331094050 0.0145202020 0.0143953935
