4 0.0735395189 0.4916405434 0.0213058419 0.0381400209
4 0.1310771853 0.4922123551 0.0171076693 0.0355923139
2 0.3807560137 0.4838035528 0.0556701031 0.0924764890
1 0.0168651119 0.5077934265 0.0337302238 0.0555986539
0 0.5127147766 0.5088819227 0.0151202749 0.0114942529
4 0.8762886598 0.5067920585 0.0240549828 0.0862068966
4 0.9264604811 0.5130616510 0.0378006873 0.1123301985
1 0.9642346209 0.5459488853 0.0500715308 0.0799347471
1 0.9890915594 0.5535617183 0.0218168813 0.0886351278
1 0.0593705293 0.4986405655 0.0164520744 0.0206634040
