1 0.5283678174 0.4873336852 0.0324618742 0.0340089165
1 0.5631300807 0.4980358779 0.0460159257 0.0560645871
4 0.5971480608 0.4802161157 0.0177030973 0.0449393690
1 0.6845030785 0.4969530702 0.0414734185 0.0515071601
1 0.7025259733 0.4906904995 0.0280355345 0.0370749347
1 0.8057627082 0.4936078787 0.0317943431 0.0372375324
0 0.6357256770 0.5033647418 0.0164646748 0.0137154022
1 0.7668679357 0.5007488728 0.0440251566 0.0553690083
2 0.5007112376 0.4572972973 0.2233285917 0.3491891892
1 0.4174964438 0.4935135135 0.0419630156 0.0459459459
2 0.5739687055 0.4686486486 0.0376955903 0.0767567568
1 0.1557610242 0.4951351351 0.0412517781 0.0529729730
