2 0.3476900160 0.4686063826 0.0756952390 0.1299033165
1 0.5032760501 0.4888123572 0.0302520208 0.0318765789
4 0.5654052496 0.4839573801 0.0161928236 0.0491900593
1 0.5372082591 0.4902482331 0.0341610424 0.0361518636
1 0.7551957369 0.4965214133 0.0377878621 0.0426462851
1 0.0837064534 0.5062227249 0.0535172895 0.0629278496
1 0.6522138715 0.5406391025 0.1096491218 0.1493054479
0 0.3271692745 0.4524324324 0.0248933144 0.0227027027
1 0.4701280228 0.4881081081 0.0298719772 0.0345945946
4 0.4736842105 0.4708108108 0.0163584637 0.0216216216
