0 0.7628103495 0.4754920602 0.0272888634 0.0234907474
1 0.2726514935 0.5344656110 0.0661039576 0.0767155290
1 0.3937546909 0.5295860767 0.0530779175 0.0616557673
1 0.4517762065 0.5279055238 0.0508120209 0.0602262206
1 0.6202890873 0.5414072275 0.0641281977 0.0799415931
4 0.7276712060 0.5199190974 0.0233125202 0.0889512599
1 0.7504750490 0.5356014967 0.0560783446 0.0667729452
4 0.9100853205 0.5263447165 0.0314767882 0.1096366718
1 0.2174159884 0.6456810832 0.2257063389 0.3126522601
2 0.0881612091 0.4925801819 0.0447103275 0.0971756821
