1 0.4086157680 0.5177122355 0.0302403662 0.0325935856
1 0.4546309114 0.5155699253 0.0377229340 0.0284503214
4 0.4347550273 0.5094671845 0.0140712447 0.0410819389
4 0.5167696476 0.5092909336 0.0147990361 0.0378476605
1 0.5466011763 0.5210395455 0.0339703783 0.0404913351
1 0.5210821033 0.5439425111 0.0698444843 0.0897427797
1 0.5921930075 0.5358030796 0.0552318133 0.0706295222
1 0.6801624894 0.5280830264 0.0435776152 0.0486700088
1 0.8546373844 0.5319628119 0.0444224440 0.0559453145
0 0.4571788413 0.5280038296 0.0157430730 0.0129248444
2 0.1662468514 0.4949736716 0.0371536524 0.0780277645
2 0.8173803526 0.5021541407 0.0308564232 0.0670177118
