4 0.1485909075 0.5129787922 0.0249561667 0.0746242478
1 0.1074994355 0.5234649181 0.0466991328 0.0524612889
0 0.4463718534 0.5251876116 0.0255383402 0.0194062199
1 0.8393948674 0.5611771345 0.0929688960 0.1149580404
1 0.5801044703 0.5851649642 0.1298642606 0.1732983887
1 0.1227870733 0.6749041080 0.2408465296 0.3647332788
4 0.0138539043 0.5136428913 0.0277078086 0.0794638583
1 0.3929471033 0.5461943514 0.0761964736 0.0938247966
2 0.6630982368 0.5007180469 0.0528967254 0.1081857348
2 0.6460957179 0.4863571087 0.0264483627 0.0445189086
2 0.7411838791 0.5045476304 0.0396725441 0.0808999521
2 0.7707808564 0.4882719004 0.0302267003 0.0440402106
2 0.8891687657 0.4901866922 0.0358942065 0.0459550024
