2 0.0163727960 0.4954523696 0.0308564232 0.0794638583
2 0.0617128463 0.4825275251 0.0295969773 0.0426041168
2 0.1460957179 0.4849210148 0.0277078086 0.0378171374
2 0.1782115869 0.4873145045 0.0283375315 0.0373384394
2 0.2348866499 0.4949736716 0.0472292191 0.0871230254
0 0.5642317380 0.4652943992 0.0289672544 0.0220201053
1 0.4995729029 0.5565391183 0.0932396352 0.1158033609
1 0.5524750352 0.5300195217 0.0446459576 0.0559300967
1 0.5863301754 0.5460663438 0.0761617944 0.0917982683
1 0.6255570054 0.5342055559 0.0493965149 0.0618360192
1 0.6668765743 0.5198659646 0.0277078086 0.0306366683
4 0.7546454668 0.5145158768 0.0171464626 0.0478844382
1 0.7343842387 0.5191655755 0.0352988169 0.0320873000
4 0.6698232323 0.5000000000 0.0189393939 0.0187140115
