2 0.5232997481 0.4906653901 0.0277078086 0.0406893250
4 0.2556081116 0.5102750063 0.0227058474 0.0657741055
1 0.2949390709 0.5184869170 0.0343167931 0.0445467569
1 0.3484158516 0.5292866230 0.0411309451 0.0586973615
0 0.4127416015 0.5056361556 0.0219559837 0.0177675467
4 0.3826521039 0.5125578642 0.0223243460 0.0614668578
1 0.5419812799 0.5341848731 0.0517107546 0.0576575659
1 0.6213627458 0.5457704663 0.0719561279 0.0843258649
2 0.9695844054 0.5100806355 0.0346213989 0.0929300636
1 0.3215034604 0.6156531572 0.1765651703 0.2388629466
1 0.1339962121 0.9011516315 0.2679924242 0.1962571977
