4 0.1973262727 0.5093293190 0.0280536562 0.0774077401
1 0.2704813778 0.5207874775 0.0562929846 0.0522427224
4 0.3387406170 0.5115810633 0.0231007859 0.0711730421
1 0.6144382954 0.5316559076 0.0519278571 0.0606155321
1 0.7451051474 0.5570716858 0.0915027112 0.1110484377
1 0.8316380382 0.5986608267 0.1543854028 0.1983033270
1 0.3858086169 0.7135199904 0.3498262167 0.4423658848
0 0.6240554156 0.5083772140 0.0270780856 0.0220201053
2 0.9112090680 0.5040689325 0.0667506297 0.1258975586
2 0.8318639798 0.4858784107 0.0352644836 0.0387745333
2 0.9659949622 0.4863571087 0.0352644836 0.0411680230
