4 0.0415819250 0.5218778253 0.0461877212 0.1566883773
1 0.2302393317 0.5408731699 0.0713906661 0.0903601870
0 0.1849872023 0.5307483077 0.0290982220 0.0254186150
4 0.2831469178 0.5178339481 0.0331743620 0.1172616333
1 0.4186612368 0.5502377152 0.0918703154 0.1098161340
1 0.5936030746 0.5428028107 0.0773316324 0.0901710689
2 0.7632241814 0.5002393490 0.0736775819 0.1134514122
1 0.6479848866 0.6567735759 0.2285894207 0.3168980373
1 0.6952141058 0.5423647678 0.0409319899 0.0780277645
2 0.8356423174 0.5040689325 0.0321158690 0.0765916707
2 0.8652392947 0.5031115366 0.0289672544 0.0780277645
2 0.8910579345 0.5055050263 0.0232997481 0.0765916707
2 0.9168765743 0.4887505984 0.0258186398 0.0397319292
2 0.9420654912 0.4921014840 0.0239294710 0.0402106271
2 0.9785894207 0.4892292963 0.0333753149 0.0397319292
2 0.5006297229 0.5117280996 0.0629722922 0.0593585448
