2 0.2828159928 0.4985522926 0.0388128273 0.1146558300
2 0.3197543919 0.5079678893 0.0400865413 0.0846957490
1 0.6453641653 0.5245354176 0.0386826620 0.0457815826
4 0.8109620810 0.5158903599 0.0181893483 0.0493654534
4 0.8949713111 0.5159968138 0.0162361432 0.0490233935
1 0.8362942338 0.5200959444 0.0330566466 0.0331869274
1 0.9203558564 0.5305105448 0.0375008434 0.0530943647
1 0.8521224260 0.5749865174 0.1065802351 0.1451595277
2 0.0680100756 0.4844423169 0.0522670025 0.0488271900
2 0.1202770781 0.4820488272 0.0547858942 0.0545715653
2 0.1127204030 0.4528482528 0.0522670025 0.0588798468
2 0.1593198992 0.4719961704 0.0384130982 0.0737194830
2 0.2185138539 0.4710387745 0.0484886650 0.0473910962
2 0.5761964736 0.5007180469 0.0510075567 0.0746768789
0 0.5869017632 0.5303973193 0.0144836272 0.0119674485
