1 0.2454992086 0.5181511641 0.0337515250 0.0452278368
1 0.2671472430 0.5287345648 0.0541053861 0.0649485141
4 0.4721638858 0.5119596124 0.0237758625 0.0612576827
1 0.5296426415 0.5221830010 0.0498325676 0.0461588241
4 0.5819631815 0.5142433643 0.0263786241 0.0725065246
2 0.0133816121 0.4892292963 0.0267632242 0.0813786501
1 0.1272040302 0.6500718047 0.2342569270 0.3312589756
1 0.4874055416 0.6285303973 0.2172544081 0.2666347535
1 0.6801007557 0.6050741982 0.1712846348 0.2077549067
0 0.5214105793 0.4681665869 0.0226700252 0.0167544280
